v	-007.2245 -070.2524 252.8530
v	-008.9200 -063.7105 257.5140
v	-005.5584 -084.2864 271.3520
v	005.7417 -084.2864 271.3520
v	007.4078 -070.2524 252.8530
v	000.0916 -077.2694 262.1030
v	024.0051 -104.6910 285.3080
v	005.0458 -104.6910 285.3080
v	-004.8626 -104.6910 285.3080
v	-023.8219 -104.6910 285.3080
v	-011.1448 -117.0640 289.5960
v	011.3280 -117.0640 289.5960
v	000.0916 -108.8150 286.7370
v	-011.0909 -048.0194 224.4850
v	-007.8518 -062.7595 242.8030
v	-021.1071 -065.2345 241.0340
v	-018.2257 -049.4654 223.7160
v	-014.5689 -056.3697 233.0100
v	-018.2257 -044.5154 226.3480
v	-016.0696 -036.2834 207.5890
v	-016.0696 -038.0574 206.6480
v	-017.1476 -042.0804 216.0750
v	-013.5165 -037.5374 206.9280
v	-014.7257 -043.2699 215.4440
v	-011.9288 -044.5154 226.3480
v	-013.8154 -036.2834 207.5890
v	-015.0099 -040.3994 216.9680
v	-007.2245 -064.0485 244.1600
v	-021.6657 -072.9475 250.9280
v	-021.6657 -066.7485 242.2340
v	-014.4451 -068.4992 247.5440
v	-021.1071 -056.7565 247.0810
v	-021.6657 -057.5115 248.8250
v	-021.3864 -061.5628 244.7940
v	-000.7316 -103.3680 277.2420
v	-019.9898 -107.2250 275.8010
v	-005.9455 -105.9020 267.7400
v	-012.6222 -105.2970 276.5230
v	002.7868 -144.2020 305.8310
v	004.6587 -150.5240 300.7740
v	-004.4755 -150.5240 300.7740
v	-002.6035 -144.2020 305.8310
v	000.0916 -147.3630 303.3030
v	-003.6522 -144.1240 318.4540
v	-011.1448 -135.3960 315.2980
v	-012.9775 -141.7130 297.2020
v	-008.0625 -142.9390 307.9320
v	033.2177 -109.9830 253.0200
v	023.3044 -119.8230 266.8140
v	013.3323 -124.4590 266.6040
v	011.2202 -128.3790 258.5330
v	023.3044 -112.6300 251.1330
v	020.8758 -119.0550 259.2210
v	013.7880 -115.2610 270.6170
v	008.1722 -125.1010 284.4110
v	-007.9890 -125.1010 284.4110
v	-013.6047 -115.2610 270.6170
v	000.0916 -120.1810 277.5140
v	-013.6047 -129.6630 280.6090
v	-011.8161 -135.8620 289.3020
v	-009.6747 -123.2630 298.2890
v	-011.5601 -126.4630 289.4490
v	-018.9461 -091.2154 266.4080
v	-015.2904 -075.5934 244.7380
v	-030.0551 -097.3855 262.0070
v	-021.4893 -084.2854 256.0200
v	003.4042 -134.5830 283.0740
v	002.3360 -142.7370 287.6160
v	003.6836 -145.0600 284.3130
v	005.4036 -138.0130 278.1880
v	003.7069 -140.0980 283.2980
v	004.2226 -124.4540 265.1530
v	-004.0393 -124.4540 265.1530
v	-003.2210 -134.5830 283.0740
v	000.0916 -129.5180 274.1130
v	-003.5003 -145.0600 284.3130
v	-005.2203 -138.0130 278.1880
v	000.0916 -141.5360 281.2510
v	006.9962 -144.9720 280.6920
v	006.9962 -146.5940 277.3500
v	008.3879 -142.6240 275.4240
v	008.3879 -141.0020 278.7660
v	007.6921 -143.7980 278.0580
v	009.3875 -100.3050 223.5640
v	015.4737 -087.4524 231.7670
v	015.4737 -090.8724 238.3580
v	015.4737 -103.7210 230.1600
v	013.9521 -095.5877 230.9620
v	018.1003 -040.5414 182.2450
v	020.8885 -032.5395 164.9810
v	000.0916 -032.5395 164.9810
v	000.0916 -040.5414 182.2450
v	009.7930 -036.5404 173.6130
v	004.2373 -139.2730 272.9150
v	003.5415 -141.2330 273.9340
v	005.7907 -141.6200 276.5770
v	006.7120 -131.8880 264.8640
v	004.2373 -140.8460 269.5490
v	008.1674 -134.9540 269.1100
v	-004.0540 -139.2730 272.9150
v	-008.2046 -141.0020 278.7660
v	-006.8129 -144.9720 280.6920
v	-003.3582 -141.2330 273.9340
v	-005.6074 -141.6200 276.5770
v	-013.1490 -124.4590 266.6040
v	-011.0370 -128.3790 258.5330
v	-005.5927 -150.5140 269.2790
v	-006.8129 -146.5940 277.3500
v	-008.2046 -142.6240 275.4240
v	-008.9592 -138.5140 269.4380
v	005.7760 -150.5140 269.2790
v	000.0916 -148.5540 273.3140
v	083.8771 -136.0730 171.7040
v	081.2260 -136.9010 172.8660
v	080.7850 -136.4300 172.1990
v	083.4361 -135.5970 171.0380
v	082.3310 -136.2500 171.9520
v	077.5557 -114.2860 150.6230
v	069.5633 -113.9430 150.6480
v	068.1618 -117.6920 153.7990
v	075.9288 -117.6920 153.7990
v	072.8024 -115.9030 152.2170
v	073.3415 -124.6260 163.5260
v	075.9288 -123.8170 162.3890
v	068.1618 -123.8170 162.3890
v	070.7492 -124.6260 163.5260
v	072.0453 -122.0450 159.9050
v	-026.1299 022.1431 117.6640
v	-024.0179 028.6360 123.3280
v	-041.3601 028.6360 123.3280
v	-039.2431 022.1431 117.6640
v	-032.6878 025.3895 120.4960
v	070.9011 -132.6720 167.4800
v	070.9011 -129.4230 169.7930
v	070.5679 -128.1440 168.9990
v	070.5679 -132.3390 166.0050
v	070.7345 -130.6450 168.0690
v	070.7492 -127.5900 167.6810
v	070.7492 -131.2700 165.0590
v	070.6586 -129.8360 166.9360
v	075.9288 -121.3670 151.1770
v	077.3352 -114.4720 143.1940
v	076.6871 -116.9540 149.6980
v	-037.8906 038.0005 120.5500
v	-037.8906 039.4803 117.1250
v	-037.8906 040.9602 113.6940
v	-041.3601 036.4373 108.0200
v	-037.8906 036.5206 123.9800
v	-039.0471 036.6725 117.7830
v	070.9011 -133.4710 175.4630
v	070.9011 -136.7150 173.1500
v	070.9011 -133.0700 171.4720
v	078.3496 -130.1040 163.4280
v	075.7622 -130.9130 164.5600
v	073.3415 -128.3060 160.8990
v	075.9288 -127.4970 159.7670
v	075.8455 -129.2050 162.1630
v	075.7622 -127.2370 167.1860
v	074.5519 -127.7700 164.0430
v	070.7198 -134.2890 177.1580
v	070.7198 -133.7500 176.4040
v	070.7198 -137.5130 173.7180
v	070.7198 -138.0520 174.4780
v	070.7198 -135.9010 175.4400
v	073.3709 -137.5130 173.7180
v	073.1895 -136.7150 173.1500
v	072.0453 -137.1140 173.4340
v	071.5528 -147.6130 177.3490
v	071.5528 -149.0140 176.3500
v	072.5427 -149.0140 176.3500
v	072.5427 -147.6130 177.3490
v	072.0478 -148.3130 176.8490
v	071.1363 -142.2420 176.3340
v	-027.4922 040.9602 113.6940
v	-024.0179 036.4373 108.0200
v	-032.6902 038.6988 110.8570
v	078.3496 -126.4290 166.0490
v	077.1392 -126.9620 162.9080
v	073.3415 -127.5900 167.6810
v	072.0454 -126.1080 165.6030
v	073.5228 -128.1440 168.9990
v	072.0454 -127.8670 168.3400
v	073.3709 -133.7500 176.4040
v	073.1895 -133.4710 175.4630
v	072.0453 -133.6100 175.9340
v	026.3132 028.0430 106.0890
v	039.4264 028.0430 106.0890
v	023.7258 -020.8525 114.5230
v	015.8461 -020.8525 114.5230
v	026.3279 003.5953 110.3060
v	073.3709 -134.2890 177.1580
v	072.0454 -134.0190 176.7810
v	082.8137 -131.6770 172.9490
v	082.8137 -134.9210 170.6360
v	079.5158 -131.3630 165.6430
v	079.5158 -128.1150 167.9600
v	081.1647 -131.5190 169.2970
v	031.6006 -015.3885 126.3030
v	020.8885 -060.1675 160.9820
v	031.6006 -056.6145 135.7510
v	026.2446 -041.1775 147.0040
v	018.1003 -063.8035 175.6540
v	010.9752 -075.8975 170.9890
v	013.4842 -081.8646 200.4940
v	015.8461 -015.3885 126.3030
v	026.3132 022.1431 117.6640
v	021.0797 003.4863 116.1450
v	083.4361 -131.8340 173.7230
v	083.8771 -132.3090 174.3900
v	083.6566 -133.9530 172.7140
v	022.3831 -018.5985 127.0430
v	031.6006 -020.8525 114.5230
v	027.3275 -018.9230 120.5980
v	-015.2904 -103.7210 230.1600
v	-009.2042 -100.3050 223.5640
v	000.0916 -102.0130 226.8620
v	-023.1211 -119.8230 266.8140
v	-033.0344 -109.9830 253.0200
v	-023.1211 -112.6300 251.1330
v	-020.6925 -119.0550 259.2210
v	000.0916 -114.9100 246.6090
v	-007.5088 -143.7980 278.0580
v	-015.2904 -090.8724 238.3580
v	-021.6841 -104.3020 243.1680
v	-026.5501 -108.6040 264.4100
v	-023.4176 -093.4586 249.5310
v	-015.2904 -087.4524 231.7670
v	-013.7689 -095.5877 230.9620
v	075.8455 -125.5270 164.7870
v	079.1924 -126.8260 167.1520
v	079.1924 -131.0200 164.1630
v	079.3541 -129.3310 166.2290
v	080.5302 -135.6370 171.6410
v	077.2323 -132.0790 166.6470
v	080.0230 -133.5000 168.6420
v	073.3709 -138.0520 174.4780
v	072.0465 -143.5330 175.4140
v	072.9568 -142.2420 176.3340
v	072.0465 -140.9510 177.2530
v	070.8104 -135.3620 174.6840
v	072.0454 -137.7830 174.0980
v	073.1895 -132.6720 167.4800
v	072.0453 -134.6940 170.3150
v	073.3415 -131.2700 165.0590
v	073.5228 -132.3390 166.0050
v	072.0454 -131.8050 165.5320
v	072.0453 -132.5060 166.7430
v	062.8646 -133.1370 175.5510
v	063.3056 -132.6620 174.8850
v	060.6546 -131.8340 173.7230
v	060.2135 -132.3090 174.3900
v	061.7596 -132.4850 174.6370
v	060.6546 -135.5970 171.0380
v	061.2769 -131.6770 172.9490
v	061.2769 -134.9210 170.6360
v	060.9658 -133.5070 172.0870
v	060.2135 -136.0730 171.7040
v	062.8646 -136.9010 172.8660
v	058.2926 -147.0590 173.6100
v	057.3027 -146.7500 173.1740
v	059.6684 -141.6960 172.8380
v	058.2926 -145.6530 174.6100
v	060.5786 -140.6880 174.1590
v	057.3027 -145.3440 174.1790
v	059.6684 -139.1110 174.6820
v	060.4340 -133.9530 172.7140
v	063.5604 -135.6370 171.6410
v	064.5748 -131.3630 165.6430
v	066.8583 -132.0790 166.6470
v	064.0676 -133.5000 168.6420
v	063.3056 -136.4300 172.1990
v	063.0851 -134.7830 173.8750
v	063.5604 -132.3930 173.9530
v	063.4330 -134.2810 173.1700
v	064.9031 -131.0200 164.1630
v	064.9031 -126.8260 167.1520
v	065.7460 -126.4290 166.0490
v	065.7460 -130.1040 163.4280
v	065.3246 -128.5950 165.1980
v	067.8531 -131.9420 165.4560
v	066.0473 -131.6010 165.4770
v	066.8583 -128.8300 168.9600
v	065.2094 -132.2350 170.3000
v	068.1618 -127.4970 159.7670
v	070.7492 -128.3060 160.8990
v	068.3333 -130.9130 164.5600
v	068.2476 -129.2050 162.1630
v	067.8531 -127.7470 168.4460
v	068.3333 -127.2370 167.1860
v	068.0932 -129.4600 166.4120
v	073.7580 -117.0350 143.1750
v	068.1618 -121.3670 151.1770
v	069.9112 -117.5090 149.7000
v	072.0453 -125.7230 157.2810
v	062.1994 -132.1410 173.8780
v	069.5413 -127.7700 164.0430
v	067.0985 -090.5644 119.2950
v	067.0838 -088.8394 127.8660
v	072.2683 -102.0400 135.2450
v	012.6609 -074.7504 157.6700
v	015.6562 -068.6547 166.3240
v	-026.1299 028.0430 106.0890
v	-039.2431 028.0430 106.0890
v	-032.6878 032.2401 107.0540
v	063.7074 -084.6734 129.3850
v	058.9492 -083.5664 127.6360
v	054.8428 -091.0444 128.9390
v	058.4396 -094.1464 131.0370
v	058.9848 -088.3577 129.2490
v	054.7889 -092.8524 116.1740
v	058.4151 -096.4785 114.8120
v	056.6216 -093.6304 122.7400
v	122.3200 -079.8815 -182.1180
v	113.9940 -081.8614 -177.8790
v	116.4150 -075.9264 -174.9530
v	122.9910 -077.8574 -180.9510
v	118.9300 -078.8817 -178.9750
v	112.5100 -068.5225 -171.7780
v	103.7530 -077.1864 -171.9790
v	111.6680 -075.8742 -174.1470
v	108.0410 -063.1905 -167.1080
v	098.3036 -072.7755 -167.3040
v	105.6520 -070.4187 -169.5420
v	124.7700 -078.0095 -179.7800
v	123.5300 -080.0925 -180.5150
v	123.4030 -078.9602 -180.8410
v	098.0831 -061.1375 -169.4750
v	089.3704 -070.9285 -169.7200
v	087.2730 -068.4294 -177.4380
v	095.1282 -059.6085 -177.2080
v	092.4637 -065.0260 -173.4600
v	079.0307 -061.8725 -185.4200
v	082.0640 -051.3904 -189.5660
v	084.7004 -052.0814 -190.5510
v	084.2642 -063.2985 -187.2730
v	082.5148 -057.1607 -188.2030
v	085.0238 -056.8005 -174.1200
v	083.3479 -057.3545 -183.6320
v	078.0948 -065.8125 -174.3700
v	081.3743 -060.4600 -179.3850
v	084.2054 -049.1565 -188.7530
v	082.1620 -054.9435 -186.8430
v	087.1260 -050.0094 -189.5950
v	084.5240 -050.6594 -189.6160
v	089.1155 -058.9815 -185.4110
v	085.9487 -053.8755 -186.8480
v	099.8521 -063.1815 -177.4030
v	092.0018 -072.0114 -177.6390
v	094.8268 -066.8147 -173.5590
v	103.5810 -066.9295 -196.0880
v	105.1980 -067.3265 -195.5980
v	102.6400 -073.0844 -187.3220
v	098.0243 -072.0804 -188.4780
v	102.3610 -069.8552 -191.8720
v	100.0530 -073.6725 -175.4430
v	098.1798 -072.7122 -182.2200
v	101.6700 -067.4685 -185.1510
v	097.8871 -068.6854 -182.1680
v	106.8640 -068.4395 -184.1360
v	106.7220 -065.6365 -194.5500
v	105.3560 -068.6217 -190.4010
v	104.8500 -065.3325 -194.8240
v	105.0260 -066.7193 -189.6650
v	108.8300 -065.0335 -175.2870
v	104.5970 -070.0575 -180.5470
v	103.8070 -068.6680 -171.2850
v	086.8712 -058.0255 -166.0350
v	091.2766 -058.8930 -171.7100
v	103.7020 -063.1357 -172.3180
v	089.2380 -040.6155 -140.5340
v	099.6022 -045.3394 -137.0790
v	116.7480 -064.1805 -158.9340
v	099.7639 -055.4148 -156.5270
v	120.3750 -069.4385 -164.4320
v	121.1680 -076.3824 -171.0280
v	117.6170 -072.5675 -170.5480
v	098.0390 -041.5605 -127.2150
v	087.3808 -062.1125 -121.0350
v	105.9920 -073.5645 -159.0810
v	101.5520 -057.3515 -140.6690
v	064.9717 -112.8840 -047.9126
v	054.8477 -133.2700 -007.2106
v	031.4046 -098.1105 -045.2466
v	049.2760 -105.6520 -052.8026
v	050.1250 -112.4790 -038.2931
v	064.9815 -073.8445 -059.8496
v	087.6749 -036.8415 -130.6690
v	077.0167 -057.3935 -124.4850
v	069.7373 -068.4329 -091.9515
v	046.7573 -105.4020 063.2804
v	036.9077 -097.0915 060.5264
v	042.4793 -108.4680 017.8374
v	080.6772 -081.0775 -054.9596
v	082.7672 -074.4086 -087.7805
v	072.3908 -086.1045 007.1764
v	075.1007 -114.6440 003.5264
v	069.5976 -105.5960 -019.8760
v	094.0305 -031.9665 -143.0820
v	092.4625 -028.1885 -133.2220
v	090.8515 -034.4030 -136.8770
v	104.3950 -036.6854 -139.6320
v	102.8320 -032.9075 -129.7680
v	101.2170 -039.1232 -133.4230
v	098.4300 -032.4370 -136.4260
v	004.1491 193.7130 -262.0660
v	003.3356 248.6110 -268.1280
v	005.4575 248.4300 -261.7770
v	006.8051 194.2570 -255.2010
v	004.9368 221.2530 -261.7930
v	-005.2742 248.4300 -261.7770
v	-006.6218 194.2570 -255.2010
v	-006.6218 206.1010 -247.0270
v	-005.2742 257.9270 -255.2790
v	-005.9480 226.6790 -254.8210
v	005.4575 257.9270 -255.2790
v	006.8051 206.1010 -247.0270
v	006.1313 226.6790 -254.8210
v	-018.9510 -078.6804 081.6664
v	-031.4173 -056.1985 079.0354
v	-023.0084 -036.9394 039.8034
v	-026.7082 -092.4554 058.9924
v	-025.0212 -066.0684 064.8744
v	-018.9510 -084.4284 101.4140
v	-031.4173 -062.4315 106.7460
v	-025.1841 -070.4347 092.2154
v	000.0916 018.3747 -008.1176
v	044.4345 005.3889 -014.3066
v	027.9303 020.9180 -051.8576
v	000.0916 034.5065 -045.8596
v	018.1370 019.7970 -030.0353
v	000.0916 -014.5065 071.9054
v	000.0916 006.1583 026.7044
v	-044.2513 -010.2775 019.0994
v	-031.4173 -014.5065 071.9054
v	-018.8714 -008.2831 047.4037
v	046.2917 -046.9615 051.9904
v	023.2603 -036.8954 039.7934
v	026.8914 -092.4554 058.9924
v	033.3378 -068.3510 052.8256
v	000.0916 342.9130 -252.9960
v	-002.5594 342.9130 -252.9960
v	000.0916 257.9270 -255.2790
v	-001.9126 300.4200 -254.1370
v	-031.0204 -081.0775 112.9590
v	-036.1314 -072.2175 115.1200
v	-029.3800 -075.0387 109.0600
v	-063.3478 -084.9234 129.7330
v	-066.7241 -089.0894 128.2190
v	-063.0537 -095.6895 129.3710
v	-058.0799 -094.3964 131.3850
v	-062.8014 -091.0247 129.6770
v	-054.4831 -091.2944 129.2920
v	-058.5945 -083.8164 127.9890
v	-058.6263 -088.6077 129.6000
v	-061.4121 -133.3480 171.5620
v	-064.7100 -129.6930 166.6370
v	-064.8571 -132.9360 164.3240
v	-061.5591 -136.5920 169.2440
v	-063.1346 -133.1420 167.9420
v	-066.1703 -128.0560 164.8930
v	-063.5830 -127.3210 163.7020
v	-065.9988 -124.6400 160.0950
v	-068.5862 -125.3700 161.2810
v	-066.0846 -126.3470 162.4930
v	-068.7479 -134.2060 173.2280
v	-071.0363 -134.1420 173.2770
v	-071.2030 -134.4160 174.2180
v	-068.5568 -134.4950 174.1640
v	-069.8860 -134.3150 173.7220
v	-062.7303 -127.7420 164.7900
v	-062.4216 -129.0460 165.5890
v	-062.5686 -132.2900 163.2760
v	-062.9165 -131.9370 161.7960
v	-062.6593 -130.2540 163.8630
v	-066.3320 -131.7260 162.2710
v	-065.8714 -132.7700 163.1530
v	-065.6803 -128.5800 166.1470
v	-066.0135 -130.2830 164.1160
v	-058.0603 -096.7235 115.1650
v	-054.4292 -093.1024 116.5270
v	-056.2631 -093.8792 123.0920
v	-070.8305 -149.6960 174.1540
v	-071.3745 -138.7140 172.2920
v	-068.7234 -138.7970 172.2330
v	-069.8407 -149.7250 174.1350
v	-070.1923 -144.2330 173.2040
v	-068.5568 -135.0340 174.9190
v	-069.7770 -148.3230 175.1300
v	-069.2245 -142.9700 174.1040
v	-071.2030 -134.9550 174.9780
v	-070.7668 -148.2940 175.1540
v	-070.0759 -141.6510 175.0450
v	-071.1784 -137.3860 170.9590
v	-071.3745 -138.1750 171.5380
v	-071.1981 -136.0300 172.4980
v	-068.7234 -138.2580 171.4790
v	-070.0490 -138.4860 171.8860
v	-071.1736 -128.2620 165.4960
v	-071.1736 -125.2920 161.3350
v	-071.3402 -128.9670 158.7180
v	-071.3402 -131.9320 162.8740
v	-071.2569 -128.6130 162.1060
v	-073.9275 -121.9550 149.0500
v	-073.7609 -118.2800 151.6670
v	-079.0581 -116.6280 150.5890
v	-080.0872 -118.1280 146.9670
v	-076.7084 -118.7480 149.5680
v	-066.7388 -090.8134 119.6480
v	-073.1520 -103.6650 136.3560
v	-063.0390 -097.3114 118.0650
v	-070.9824 -116.8590 143.4050
v	-070.2119 -105.7780 132.0210
v	-068.7528 -129.0460 158.6600
v	-073.9275 -128.0800 157.6400
v	-066.1654 -122.1850 148.8840
v	-066.1654 -128.3150 157.4740
v	-070.0465 -126.4250 155.0710
v	-081.2633 -132.2010 171.7480
v	-080.6507 -132.0590 170.9640
v	-080.7978 -135.3030 168.6510
v	-081.4348 -135.9600 169.0680
v	-081.0367 -133.8810 170.1080
v	-084.0173 -145.9420 172.6940
v	-085.0022 -145.6040 172.2820
v	-085.0659 -147.0050 171.2830
v	-084.0810 -147.3430 171.6940
v	-084.5416 -146.4740 171.9880
v	-081.7043 -132.6620 172.4290
v	-081.8758 -136.4260 169.7440
v	-083.4121 -140.4240 171.4340
v	-081.5696 -134.3120 170.7470
v	-077.3577 -128.6000 165.9070
v	-077.5047 -131.8440 163.5890
v	-079.0777 -131.9510 167.2780
v	-078.7837 -136.8710 170.1700
v	-078.6171 -133.1080 172.8560
v	-079.0581 -133.5690 173.5320
v	-079.2247 -137.3320 170.8470
v	-078.9209 -135.2200 171.8510
v	-078.3672 -132.8430 171.9200
v	-078.5142 -136.0870 169.6070
v	-078.5706 -134.7270 171.1380
v	-074.2460 -132.5200 163.3350
v	-075.2212 -132.6230 164.5450
v	-077.1960 -131.5110 162.1000
v	-076.0420 -132.1240 163.3920
v	-077.0098 -127.3160 165.0940
v	-076.1768 -126.9430 163.9720
v	-076.3434 -130.6190 161.3500
v	-076.6815 -129.0970 163.1290
v	-073.7609 -124.4100 160.2570
v	-075.0521 -127.5130 160.8050
v	-073.5943 -127.8300 165.0500
v	-074.0598 -128.3300 166.3240
v	-073.7560 -131.5060 162.4280
v	-073.9140 -130.0460 164.2840
v	-069.5858 -115.4180 148.2860
v	-065.9988 -118.5100 151.5050
v	-072.1009 -117.2090 150.5120
v	-072.4660 -128.3990 161.8830
v	-080.1607 -132.8850 172.6410
v	-069.6054 -104.2060 139.1160
v	-060.5582 -096.0302 123.4960
v	-075.0742 -129.3790 166.8580
v	-075.8754 -128.4060 166.0460
v	-071.0363 -130.0940 167.6080
v	-071.3450 -128.8060 166.8190
v	-071.5313 -132.9950 163.8300
v	-071.1784 -133.3380 165.2900
v	-071.2727 -131.3080 165.8870
v	-068.7528 -132.0100 162.8200
v	-068.5813 -133.0830 163.7660
v	-070.0514 -132.5050 163.3220
v	-068.5862 -128.3350 165.4420
v	-068.6695 -128.6900 162.0510
v	-073.6764 -126.1190 162.6540
v	-066.0821 -123.4130 154.4900
v	-071.1074 -133.7400 169.2830
v	-063.7496 -130.9960 161.0800
v	-066.2499 -130.0210 159.8710
v	-068.3951 -128.8890 166.7550
v	-068.5789 -130.5790 164.6960
v	-058.6484 -085.7864 118.3100
v	-063.3722 -087.4035 117.4280
v	-058.6275 -090.7539 116.8580
v	-065.0457 -088.0574 123.7570
v	-068.6401 -136.6460 173.1990
v	-059.1286 -132.7010 170.5090
v	-059.2707 -135.9450 168.1960
v	-060.8474 -132.4950 166.8930
v	-068.8900 -133.4070 165.2460
v	-068.8900 -137.4550 170.9100
v	-070.0342 -135.3970 168.1010
v	-071.3475 -130.4990 164.7550
v	-070.0453 -133.2060 164.5330
v	-062.8026 -093.0629 117.5770
v	-073.8418 -129.7930 160.0340
v	-075.3853 -131.5390 162.3030
v	-077.2671 -129.8180 164.1720
v	-078.0095 -133.9640 166.5980
v	-080.3298 -136.6470 169.9570
v	-082.5619 -142.0260 170.8920
v	-081.5953 -141.0470 172.1920
v	-082.4455 -139.4440 172.7340
v	-079.8826 -136.0550 169.3740
v	-076.7942 -132.7330 168.2330
v	-074.6503 -130.7130 165.2660
v	-073.8442 -123.1810 154.6540
v	-072.7906 -119.7820 147.0760
v	-066.6652 -106.3190 134.7820
v	-068.1831 -118.2430 148.0200
v	-079.7246 -132.5530 171.8720
v	-077.8624 -130.7200 168.9120
v	-070.0465 -130.4890 160.7680
v	-075.2102 -127.6050 165.1100
v	-069.8799 -122.7500 157.6900
v	-068.7479 -130.1630 167.5590
v	-068.6536 -131.3860 165.8310
v	-067.4603 -128.5500 161.7760
v	-071.2888 -136.5650 173.2570
v	-070.0416 -137.8190 171.2210
v	-070.3038 -149.0100 174.6430
v	-071.0437 -142.9150 174.1440
v	-068.8190 -133.8080 169.2360
v	-068.7295 -136.1030 172.4450
v	-064.8742 -127.8180 160.5880
v	-064.7174 -131.8570 162.0750
v	-064.0534 -132.4830 163.1370
v	-069.8750 -128.5730 166.1280
v	-069.8811 -129.4880 167.1850
v	-069.8921 -132.1510 170.4180
v	-062.0639 -134.4410 166.2600
v	-069.8799 -134.7250 174.5700
v	-064.5410 -127.9250 164.8830
v	-045.0574 -083.0459 115.7290
v	-061.3141 -137.3910 169.7980
v	-061.1426 -133.6270 172.4830
v	-061.3570 -135.2400 170.7720
v	-060.8731 -137.8810 170.4550
v	-060.7016 -134.1170 173.1400
v	-061.0079 -135.7540 171.4690
v	-058.2220 -137.1310 169.2390
v	-055.6053 -147.8870 170.6560
v	-056.5902 -148.1670 171.1060
v	-057.8227 -142.7660 170.3640
v	-058.0554 -133.3680 171.9250
v	-055.5416 -146.4860 171.6550
v	-056.8561 -141.2180 170.8690
v	-061.9181 -131.1970 168.5740
v	-031.0890 -078.8865 128.4250
v	-036.0628 -069.8255 126.8470
v	-045.0574 -080.9557 128.1380
v	061.7081 -076.4265 050.0744
v	-031.4173 -056.6145 135.7510
v	-018.9510 -078.9165 139.6370
v	-029.3800 -071.0608 132.6650
v	044.4345 -010.2775 019.0994
v	031.6006 -014.5065 071.9054
v	019.0546 -008.2831 047.4037
v	019.1342 -078.9165 139.6370
v	-012.4777 -074.7504 157.6700
v	000.0916 -076.8335 148.6530
v	-020.7053 -060.1675 160.9820
v	-020.7053 -032.5395 164.9810
v	-031.4173 -015.3885 126.3030
v	-026.0613 -041.1775 147.0040
v	031.6006 -056.1985 079.0354
v	031.6006 -062.4315 106.7460
v	031.6006 -038.4973 093.0525
v	-023.5425 -020.8525 114.5230
v	-031.4173 -020.8525 114.5230
v	-023.5425 -015.3885 126.3030
v	-027.4799 -018.1205 120.4130
v	036.4911 -071.9675 114.7720
v	059.0081 -085.5364 117.9580
v	031.3801 -080.8275 112.6070
v	045.4170 -082.7959 115.3780
v	000.0916 -020.8525 114.5230
v	017.1594 -018.7372 100.3170
v	-015.6629 -020.8525 114.5230
v	-026.1446 003.5953 110.3060
v	-010.7919 -075.8975 170.9890
v	000.0916 -075.3240 164.3300
v	-002.5594 338.1300 -256.1370
v	002.7427 342.9130 -252.9960
v	002.7427 338.1300 -256.1370
v	001.6940 339.7620 -261.4490
v	-001.5108 339.7620 -261.4490
v	000.0916 340.6460 -256.3090
v	063.7270 -087.1534 117.0760
v	061.3479 -085.2324 123.0140
v	031.6006 -038.8218 120.8310
v	065.4042 -087.8076 123.4060
v	000.0916 -088.1012 197.2760
v	063.4134 -095.4395 129.0180
v	063.1611 -090.7747 129.3260
v	-040.3016 028.8148 113.7750
v	069.4040 -103.1270 139.5390
v	000.0916 -015.3885 126.3030
v	007.9688 -018.1205 120.4130
v	-017.9170 -040.5414 182.2450
v	-009.6098 -036.5404 173.6130
v	085.7980 -147.0590 173.6100
v	086.7879 -146.7500 173.1740
v	084.4222 -141.6960 172.8380
v	086.7879 -145.3440 174.1790
v	085.3325 -140.1190 173.3620
v	011.8602 -022.8909 141.9220
v	-037.8906 122.8790 161.6980
v	-027.4922 122.8790 161.6980
v	-032.6914 081.9196 137.6960
v	080.7850 -132.6620 174.8850
v	080.5302 -132.3930 173.9530
v	081.8913 -132.1410 173.8780
v	019.4944 -049.2630 170.9660
v	-004.0540 -140.8460 269.5490
v	-006.1293 -140.9360 274.1640
v	000.0916 -140.0590 271.2320
v	000.0916 -140.2530 273.4250
v	-027.4922 118.4440 171.9790
v	-027.4922 036.5206 123.9800
v	-027.4922 079.7010 142.8380
v	000.0916 -122.1390 265.9840
v	-015.2904 -072.1785 238.1480
v	-015.2904 -081.5242 238.2530
v	-006.5287 -131.8880 264.8640
v	000.0916 -134.9500 271.5260
v	000.0916 -072.1785 238.1480
v	-008.2561 -056.3600 210.1960
v	-016.9651 -118.4440 278.2050
v	-021.6657 -063.7105 257.5140
v	-016.8585 -084.2864 271.3520
v	-013.2507 -073.9985 264.4330
v	027.6755 040.9602 113.6940
v	024.2012 036.4373 108.0200
v	024.2012 028.6360 123.3280
v	027.6755 036.5206 123.9800
v	025.9383 035.6385 117.2550
v	-009.4101 -056.7565 247.0810
v	-008.9200 -057.5115 248.8250
v	-008.3516 -060.2690 245.7170
v	030.2383 -097.3855 262.0070
v	020.1731 -107.2250 275.8010
v	026.7334 -108.6040 264.4100
v	-004.7989 -095.0424 284.4410
v	-010.6008 -094.2584 285.3370
v	-009.4541 -089.4684 278.1200
v	038.0739 040.9602 113.6940
v	041.5433 036.4373 108.0200
v	032.8735 038.6988 110.8570
v	021.8490 -072.9475 250.9280
v	019.1293 -091.2154 266.4080
v	015.4737 -075.5934 244.7380
v	021.6726 -084.2854 256.0200
v	009.1033 -063.7105 257.5140
v	023.3865 -100.1290 272.3810
v	003.7767 -096.1504 283.9900
v	004.5215 -095.0084 284.3870
v	010.7841 -094.2584 285.3370
v	017.0418 -084.2864 271.3520
v	009.5223 -089.4599 278.1070
v	038.0739 118.4390 171.9840
v	027.6755 118.4390 171.9840
v	038.0739 036.5206 123.9800
v	032.8747 077.4798 147.9820
v	-014.5799 -122.4620 275.6130
v	000.0916 -117.5420 268.7160
v	-004.7523 -132.2350 272.8200
v	-007.9841 -134.9540 269.1100
v	000.0916 -136.3670 267.2070
v	085.7980 -145.6530 174.6100
v	086.2930 -146.2020 173.8930
v	081.2260 -133.1370 175.5510
v	083.5120 -140.6880 174.1590
v	084.4222 -139.1110 174.6820
v	031.4438 -078.6365 128.0770
v	043.1139 -085.8402 121.4490
v	-016.9761 -018.7372 100.3170
v	032.7240 -029.4695 052.4584
v	019.1342 -084.4284 101.4140
v	019.1342 -078.6804 081.6664
v	025.3674 -070.4347 092.2154
v	-056.5314 -146.7650 172.1060
v	-056.0671 -147.3260 171.3810
v	-058.6741 -141.7330 171.7020
v	-057.7075 -140.1840 172.2060
v	-058.6631 -136.6410 168.5830
v	-059.7681 -137.2610 169.5190
v	-060.2018 -136.6420 168.9550
v	-065.2797 -130.9950 165.0650
v	-069.8799 -126.8150 163.3890
v	-063.2448 -129.4990 162.8420
v	-060.9907 -085.4824 123.3650
v	-063.8856 -128.7650 165.7910
v	-058.4915 -132.8780 171.2630
v	-058.8885 -134.5410 169.6380
v	-058.3580 -135.0040 170.2530
v	-042.7554 -086.0902 121.8010
v	-060.0437 -133.1390 171.4540
v	-059.5978 -133.4980 172.2030
v	-047.3593 -077.9114 122.0660
v	-025.0028 -080.8272 120.6090
v	069.6613 -084.5105 -086.5588
v	049.3740 -029.7905 -026.1996
v	048.7590 -076.8494 -046.0246
v	102.0310 -067.9527 -191.1350
v	105.0880 -066.3063 -195.2650
v	094.9322 -072.3470 -172.5270
v	104.3040 -066.0308 -180.4940
v	088.1539 -058.1863 -180.0930
v	082.1657 -064.8532 -181.1250
v	088.9452 -062.5795 -181.8330
v	086.3015 -056.0927 -188.2070
v	079.1875 -068.0224 -166.3240
v	083.4814 -068.2982 -171.9630
v	082.2943 -062.1652 -170.2120
v	089.5418 -067.4662 -151.3250
v	083.9977 -052.1797 -145.6090
v	110.6620 -077.8724 -164.5450
v	104.6780 -075.3497 -165.7270
v	117.9880 -082.4634 -173.6940
v	111.5990 -079.8459 -172.0240
v	119.4580 -081.0747 -178.5510
v	121.8640 -079.2369 -176.2540
v	121.3360 -077.0439 -176.6780
v	117.5480 -076.5392 -168.4250
v	113.4440 -071.2640 -161.7480
v	114.4180 -066.3330 -165.5630
v	096.8164 -038.6517 -140.0820
v	095.2521 -034.8745 -130.2190
v	066.8559 -067.7042 -033.4581
v	065.7117 -095.8755 060.2174
v	060.6044 -112.2980 029.9534
v	-045.9811 -046.9124 051.7794
v	-036.7244 -097.0915 060.5264
v	-033.1055 -068.3497 052.7754
v	006.1680 107.4430 -227.1610
v	007.1334 082.2650 -202.7040
v	-006.9501 082.2650 -202.7040
v	-005.9847 107.4430 -227.1610
v	000.0916 094.8540 -214.9320
v	-011.5564 085.4600 -193.9470
v	-009.7580 044.1504 -169.6760
v	-016.2068 049.7662 -158.6700
v	-011.1178 065.4104 -181.2490
v	-009.7580 008.4859 -131.2080
v	-016.2068 014.1017 -120.2070
v	-012.9824 029.1261 -144.9400
v	016.9193 -050.4894 -085.5315
v	026.8914 -100.9130 -038.7096
v	-026.7082 -100.9130 -038.7096
v	-016.7360 -050.4894 -085.5315
v	000.0916 -075.7012 -062.1206
v	-027.7470 -034.2495 -073.4035
v	-017.6120 -015.5378 -102.5870
v	000.0916 -096.6842 010.1414
v	-027.7470 020.9180 -051.8576
v	-016.2068 041.8031 -099.1695
v	-021.9769 010.6433 -086.1594
v	-051.1754 -030.6335 -026.0666
v	-027.3403 -027.2075 -030.3106
v	-033.3383 -099.0025 -044.9036
v	-034.6406 -064.4391 -034.9976
v	-096.2043 -035.0534 -147.9820
v	-091.1472 -043.5944 -145.3110
v	-101.3590 -048.0194 -141.9350
v	-106.4170 -039.4784 -144.6060
v	-098.7819 -041.5364 -144.9580
v	-088.5794 -072.3345 -181.9020
v	-097.5911 -062.6025 -181.7400
v	-091.2942 -063.4805 -187.5760
v	-084.9189 -065.8375 -192.3300
v	-090.5959 -066.0637 -185.8870
v	-087.5896 -054.2135 -194.2260
v	-085.1639 -055.0275 -196.0930
v	-087.2416 -059.6398 -192.5560
v	-086.5409 -059.4565 -178.2810
v	-084.6298 -061.5295 -185.3620
v	-090.0140 -061.7673 -183.2400
v	-078.7788 -069.4435 -178.4720
v	-081.4054 -071.3944 -170.6070
v	-091.2109 -074.2855 -174.0320
v	-084.9936 -071.8645 -176.2530
v	-089.1724 -061.4075 -170.4110
v	-100.2230 -064.5535 -173.8700
v	-093.3819 -062.0050 -176.0750
v	-082.8902 -054.5325 -195.1870
v	-078.9552 -064.3085 -190.1050
v	-082.9821 -059.9265 -193.4290
v	-085.0561 -053.3854 -193.4320
v	-087.1424 -058.1522 -190.1490
v	-105.2750 -067.8605 -199.4300
v	-099.1886 -075.5244 -192.9130
v	-104.4120 -076.6474 -191.6630
v	-107.2350 -068.3505 -198.8820
v	-104.0280 -072.0957 -195.7220
v	-109.1020 -066.4885 -196.9950
v	-106.7740 -066.1605 -197.3580
v	-107.0970 -067.2150 -198.1660
v	-103.1870 -070.8995 -187.6750
v	-103.6060 -070.1112 -194.3440
v	-101.5020 -077.6274 -179.6870
v	-111.7580 -068.1454 -179.5600
v	-109.2240 -071.9335 -186.5130
v	-106.7240 -073.5884 -184.3560
v	-092.9701 -075.8975 -182.0390
v	-099.5182 -076.4242 -186.5750
v	-101.9770 -066.1655 -181.8820
v	-106.5360 -069.2860 -183.9070
v	-099.7472 -076.0154 -171.6750
v	-096.3575 -075.9565 -176.8580
v	-096.5953 -070.2255 -177.9560
v	-116.0210 -085.7564 -181.5980
v	-120.5980 -086.4284 -176.7960
v	-128.0660 -082.1944 -184.5380
v	-126.5130 -081.8905 -186.5470
v	-122.8000 -084.0674 -182.3700
v	-123.3670 -079.1214 -172.8800
v	-129.3110 -079.3664 -183.2250
v	-125.3360 -081.7777 -179.3600
v	-127.0170 -079.2784 -184.8030
v	-117.8440 -078.7835 -177.4920
v	-121.8490 -081.4272 -182.6100
v	-104.7850 -081.1795 -176.2420
v	-112.0520 -081.7434 -168.1030
v	-113.3640 -083.7769 -175.6850
v	-115.0410 -071.7025 -176.1200
v	-113.4230 -079.3555 -177.8630
v	-123.5580 -072.5164 -168.0100
v	-119.9520 -075.5310 -173.6260
v	-107.0140 -076.5785 -163.5360
v	-105.9000 -078.8792 -169.8890
v	-078.4554 -059.9465 -129.0230
v	-088.6677 -064.3715 -125.6470
v	-091.0834 -070.4320 -155.7530
v	-082.8828 -058.4390 -191.0220
v	-083.9744 -065.4255 -174.4430
v	-094.6803 -031.0845 -138.1910
v	-104.8930 -035.5135 -134.8100
v	-100.5490 -035.2825 -141.3970
v	-099.8404 -044.0504 -132.1350
v	-065.1315 -113.0270 -047.9566
v	-080.8419 -081.2195 -055.0036
v	-083.6204 -075.6671 -090.1856
v	-089.6281 -039.6254 -135.5160
v	-097.2605 -037.5684 -135.1630
v	-066.5673 -074.5934 -059.4626
v	-050.8618 -106.4010 -052.4206
v	-071.3781 -070.1416 -094.1055
v	-072.2075 -086.1045 007.1764
v	-067.6980 -068.1377 -033.3391
v	-050.4857 -077.6576 -045.7134
v	-074.9174 -114.6440 003.5264
v	-054.6644 -133.2700 -007.2106
v	-046.5740 -105.4020 063.2804
v	-065.5284 -095.8755 060.2174
v	-060.4210 -112.2980 029.9534
v	-042.8253 -108.6920 017.9231
v	-016.2068 077.4676 -137.6370
v	-016.2068 045.7846 -128.9210
v	-011.5564 105.9240 -179.6280
v	-013.8816 079.6544 -167.4710
v	-008.4398 151.0460 -239.9850
v	-005.0635 149.5310 -247.5470
v	-009.9540 109.7750 -219.0220
v	-007.3605 129.4490 -233.4290
v	016.3901 014.1017 -120.2070
v	027.9303 -034.2495 -073.4035
v	009.9413 008.4859 -131.2080
v	017.7952 -015.5378 -102.5870
v	027.6020 -027.1635 -030.3206
v	024.8358 -053.2039 -056.9913
v	010.1422 109.7750 -219.0220
v	011.7397 085.4600 -193.9470
v	008.7958 096.2358 -210.7080
v	-009.9540 127.4410 -206.6930
v	-008.4398 166.0650 -229.5480
v	-009.1969 138.5820 -223.8120
v	005.2468 149.5310 -247.5470
v	008.6231 151.0460 -239.9850
v	007.5450 129.4490 -233.4290
v	011.7397 105.9240 -179.6280
v	010.1422 127.4410 -206.6930
v	010.9410 107.1500 -199.8220
v	-036.8763 -035.4232 008.8014
v	006.2060 172.1370 -251.2000
v	-007.5308 179.3670 -242.9400
v	000.0916 077.4676 -137.6370
v	000.0916 105.9240 -179.6280
v	-006.8950 091.6958 -158.6330
v	-061.5248 -076.4265 050.0744
v	000.0916 055.3917 -093.1715
v	-008.0576 063.0325 -116.9040
v	008.6231 166.0650 -229.5480
v	000.0916 166.0650 -229.5480
v	000.0916 127.4410 -206.6930
v	004.7371 146.7530 -218.1210
v	030.5238 -097.1426 008.8906
v	-003.1524 248.6110 -268.1280
v	-003.9658 193.7130 -262.0660
v	-004.7536 221.2530 -261.7930
v	-044.2513 005.3889 -014.3066
v	-034.7128 -017.2589 003.5714
v	007.7141 179.3670 -242.9400
v	-010.9426 038.1548 -072.5146
v	016.3901 041.8031 -099.1695
v	016.3901 077.4676 -137.6370
v	008.2409 063.0325 -116.9040
v	-022.0799 004.9111 005.8449
v	000.0916 206.1010 -247.0270
v	-002.9282 232.0140 -251.1530
v	000.0916 294.1860 -264.7890
v	004.1001 296.8500 -256.5470
v	-031.4173 -038.4973 093.0525
v	052.7712 -093.6989 058.5247
v	025.2216 -066.0574 064.8719
v	-033.7572 -065.2722 121.1160
v	000.0916 -081.6724 120.5260
v	022.2631 004.9111 005.8449
v	-031.4173 -038.8218 120.8310
v	-020.8878 -067.6122 148.5100
v	029.6515 -074.9137 108.8850
v	-017.9170 -063.8035 175.6540
v	-015.4730 -068.6547 166.3240
v	036.4225 -069.5765 126.4990
v	034.0287 -065.1475 120.9420
v	063.3987 -097.0614 117.7180
v	063.1598 -092.8144 117.2250
v	047.7177 -077.6617 121.7160
v	-015.6629 -015.3885 126.3030
v	-020.8964 003.4863 116.1450
v	021.0710 -067.6122 148.5100
v	-013.3009 -081.8646 200.4940
v	067.5333 -105.8700 135.1400
v	060.9167 -095.7815 123.1460
v	025.2731 -080.7022 120.4340
v	033.8180 -063.9944 -035.1191
v	-127.7270 -080.6824 -184.7780
v	-124.3850 -079.1374 -179.6000
v	-119.8940 -079.9524 -171.4470
v	-118.5200 -067.3515 -163.4430
v	-110.0040 -066.5325 -171.5480
v	-116.7810 -069.5257 -169.7800
v	-115.2860 -074.5475 -165.7730
v	-107.3940 -073.8575 -173.8960
v	-101.7380 -058.5765 -161.0860
v	-103.0800 -060.0743 -145.3390
v	-107.4930 -070.8550 -193.5130
v	-107.0720 -068.8705 -192.1350
v	-099.3307 -072.1217 -186.1270
v	-105.7530 -072.0802 -175.6180
v	-105.9910 -066.3492 -176.7150
v	-082.8081 -067.9810 -185.7020
v	-094.4011 -068.4440 -177.8860
v	-085.1749 -054.2897 -194.7350
v	-082.2262 -063.6845 -183.0550
v	-085.9617 -055.1936 -150.1740
v	-103.1270 -041.7654 -138.3720
v	-092.9150 -037.3394 -141.7500
v	-070.7791 -085.9365 -088.7618
v	-084.2194 -059.8722 -095.5293
v	-069.5525 -105.6530 -019.8936
v	-050.9990 -112.9250 -038.1229
v	-068.5445 -093.2626 030.2487
v	-030.8698 -097.3656 008.9764
v	-057.7222 -060.0192 020.7409
v	-024.6329 -053.2148 -056.9888
v	000.0916 -021.0018 -108.3700
v	009.9413 044.1504 -169.6760
v	000.0916 026.3182 -150.4420
v	000.0916 063.2077 -186.1900
v	-008.6113 096.2358 -210.7080
v	000.0916 128.4870 -237.3540
v	-010.7552 107.1500 -199.8220
v	016.3901 049.7662 -158.6700
v	011.3011 065.4104 -181.2490
v	013.1657 029.1261 -144.9400
v	-031.7714 -008.7875 -042.4696
v	-006.0227 172.1370 -251.2000
v	000.0916 171.6220 -254.8060
v	-052.5879 -093.6989 058.5247
v	014.0649 079.6544 -167.4710
v	016.3901 045.7846 -128.9210
v	009.3827 138.5820 -223.8120
v	-005.3318 116.6830 -193.1600
v	022.1602 010.6433 -086.1594
v	-004.5527 146.7530 -218.1210
v	005.5163 116.6830 -193.1600
v	000.0916 221.1620 -265.0970
v	007.0782 091.6958 -158.6330
v	-003.7196 186.0830 -238.2870
v	082.8431 -058.3310 -093.1733
v	003.9028 186.0830 -238.2870
v	-017.9538 019.7970 -030.0353
v	031.9743 -008.7765 -042.4721
v	011.1259 038.1548 -072.5146
v	000.0916 -085.5679 070.3294
v	003.1115 232.0140 -251.1530
v	-032.5236 -029.4805 052.4609
v	068.7278 -093.2626 030.2487
v	-003.1242 293.7330 -261.8730
v	036.6320 -035.2027 008.8159
v	003.3074 293.7330 -261.8730
v	-003.9168 296.8500 -256.5470
v	000.0916 -081.5544 091.5402
v	057.4412 -059.8207 020.7604
v	034.9328 -017.2369 003.5664
v	002.0958 300.4200 -254.1370
v	-031.3928 003.4863 116.1450
v	029.6503 -070.9360 132.4910
v	-015.1908 -021.1055 139.1960
v	058.9848 -090.5052 116.5050
v	-007.7857 -018.1205 120.4130
v	045.4146 -080.7060 127.7880
v	-019.3111 -049.2630 170.9660
v	070.3976 -104.7830 130.8450
v	-026.1446 003.3773 121.9840
v	068.1618 -122.5930 156.7830
v	072.0454 -129.7880 162.9790
v	064.5748 -128.1150 167.9600
v	066.0473 -127.8800 168.1300
v	066.7089 -127.0600 167.2080
v	068.2476 -125.5270 164.7870
v	073.3415 -127.9480 164.2910
v	075.9288 -122.5930 156.7830
v	073.4321 -129.8360 166.9360
v	073.1895 -129.4230 169.7930
v	073.3562 -130.6450 168.0690
v	073.1895 -133.0700 171.4720
v	-016.6037 -065.9940 206.9540
v	073.2802 -135.3620 174.6840
v	073.3709 -135.9010 175.4400
v	076.2375 -131.9420 165.4560
v	077.3854 -130.9950 164.4020
v	-025.0739 028.8148 113.7750
v	078.0445 -131.6010 165.4770
v	072.0453 -128.7840 169.3960
v	078.7710 -128.5950 165.1980
v	072.0453 -131.4470 172.6280
v	077.2323 -128.8300 168.9600
v	078.8813 -132.2350 170.3000
v	-032.6902 032.5783 123.6540
v	076.2375 -127.7470 168.4460
v	078.0445 -127.8800 168.1300
v	081.8913 -135.6460 171.3790
v	-288.8500 068.2599 076.3744
v	-284.1020 063.4134 073.5124
v	-373.4000 -031.2015 -008.4406
v	-380.6820 -026.3555 -005.5736
v	-331.7580 018.5291 033.9682
v	-299.8950 010.4901 042.7044
v	-299.9050 008.2115 048.0204
v	-373.4200 -035.7585 002.1884
v	-373.4100 -033.4805 -003.1236
v	-336.6580 -012.6344 022.4474
v	-288.8840 061.4289 092.3244
v	-380.7160 -033.1865 010.3674
v	-334.7830 017.5367 043.3731
v	-039.4195 134.8110 164.2510
v	-284.7580 -016.3885 062.6774
v	-227.0440 048.0815 085.7863
v	-039.4538 127.9800 180.1960
v	-284.1310 056.5775 089.4584
v	-284.7730 -018.6665 067.9894
v	-227.0660 043.5256 096.4161
v	-245.9380 -033.5535 068.7104
v	-245.9480 -035.8325 074.0264
v	-265.3540 -026.1102 068.3509
v	-042.7616 123.1340 177.3350
v	-153.2340 049.1538 124.8870
v	-235.0250 -079.2885 055.4544
v	-235.0150 -077.0095 050.1374
v	-039.2921 125.4020 159.4390
v	-118.0890 020.0310 091.3004
v	-118.0990 017.7573 096.6174
v	-235.0350 -081.5674 060.7714
v	-176.5620 -030.7669 076.0359
v	-238.4600 -074.7265 057.4004
v	-042.7322 129.9690 161.3890
v	-238.4500 -072.4524 052.0884
v	-039.3264 118.5710 175.3840
v	-235.0450 -083.8404 066.0834
v	-156.8760 -007.2699 099.7141
v	-238.4700 -077.0045 062.7164
v	-242.2040 -055.2792 065.7134
v	-238.4850 -079.2784 068.0334
v	-138.9050 019.6466 121.7090
v	-191.4160 -017.2453 095.5278
v	-036.1118 139.6570 167.1130
v	-036.1412 132.8260 183.0630
v	-162.4970 100.5430 129.7190
v	-068.8606 009.6130 085.4744
v	-068.8606 008.1331 088.8994
v	-093.4773 013.8836 090.5729
v	-029.4915 149.3500 172.8410
v	-026.0515 133.8310 163.0750
v	-035.5164 135.5030 164.6850
v	-026.0858 127.0000 179.0250
v	-029.5258 142.5190 188.7870
v	-035.5491 128.6720 180.6320
v	039.9410 126.0980 159.7380
v	042.8321 130.9640 161.8400
v	251.9190 -051.5525 061.1294
v	249.0320 -056.4185 059.0274
v	145.9310 037.2728 110.4340
v	-026.7804 125.5390 168.9440
v	251.9190 -053.8464 066.4364
v	237.1150 -003.0249 071.2484
v	239.1380 -005.5290 076.0504
v	251.9190 -056.1395 071.7484
v	245.0230 -029.6349 071.3709
v	042.8321 124.0890 177.7660
v	251.9190 -058.4275 077.0554
v	196.4520 000.9983 100.6550
v	-032.8176 141.0880 177.9510
v	-027.7887 138.1750 175.9320
v	-236.7480 -078.1460 059.0856
v	-138.8720 026.4773 105.7630
v	-373.4290 -038.0374 007.5054
v	-375.8430 -033.0033 000.4872
v	-332.7020 002.3054 026.1631
v	-332.7210 -002.2517 036.7931
v	-331.7900 011.6956 049.9139
v	-292.3330 -004.0884 055.3479
v	-153.2120 053.7095 114.2570
v	-162.1210 101.5350 120.3130
v	-162.1530 094.7031 136.2600
v	-066.0331 069.4812 124.4780
v	-037.8906 118.4440 171.9790
v	-066.0442 065.7264 133.2200
v	-053.3756 023.8067 103.0120
v	080.6576 -134.2810 173.1700
v	076.7349 -130.1490 167.3770
v	075.9999 -129.4600 166.4120
v	070.7492 -127.9480 164.2910
v	073.7960 -118.5600 147.1810
v	066.9539 -126.9620 162.9080
v	064.7389 -129.3310 166.2290
v	066.7089 -130.9950 164.4020
v	062.9259 -131.5190 169.2970
v	061.7596 -136.2500 171.9520
v	057.7977 -146.2020 173.8930
v	058.7581 -140.1190 173.3620
v	062.1994 -135.6460 171.3790
v	067.3557 -130.1490 167.3770
v	064.0676 -130.2540 170.9560
v	077.3854 -127.0600 167.2080
v	081.0055 -134.7830 173.8750
v	080.0230 -130.2540 170.9560
v	083.1249 -133.5070 172.0870
v	082.3310 -132.4850 174.6370
v	-025.7551 035.6385 117.2550
v	000.0916 -139.4460 263.9060
v	040.7691 025.3528 116.9240
v	031.5761 003.4862 116.1450
v	000.0916 -145.7830 279.0210
v	-032.6914 077.4823 147.9790
v	026.3279 003.3772 121.9840
v	000.0916 -143.1030 277.3130
v	009.1425 -138.5140 269.4380
v	006.3126 -140.9360 274.1640
v	-002.1527 -142.7370 287.6160
v	-003.5236 -140.0980 283.2980
v	-023.2032 -100.1290 272.3810
v	004.9356 -132.2350 272.8200
v	015.4737 -072.1785 238.1480
v	016.7870 -065.9940 206.9540
v	-012.3110 -140.1110 294.9470
v	-011.5848 -135.2690 299.0080
v	-025.8604 -128.5310 241.8030
v	-026.2181 -132.4320 248.6590
v	-029.0407 -133.8230 247.7080
v	-028.6830 -129.9280 240.8570
v	-027.4505 -131.1780 244.7570
v	-029.5552 -127.5610 242.1660
v	-026.4190 -127.0560 242.6070
v	-027.6294 -128.2690 241.8580
v	-010.5861 -142.8940 293.2910
v	-013.7076 -142.0510 293.8940
v	-019.8881 -137.8000 270.8880
v	-026.7816 -130.9520 249.4620
v	-026.3198 -129.7430 245.6330
v	-013.0412 -140.4490 291.6450
v	-010.1941 -141.8940 291.8850
v	-029.9178 -131.4570 249.0160
v	-019.9837 -136.1880 270.5020
v	-013.0093 -141.0810 294.4220
v	-009.8560 -142.5560 296.5990
v	-011.7818 -142.3040 295.2470
v	-007.2245 -135.4900 298.7940
v	-005.5437 -135.0730 298.3970
v	-009.4542 -139.6350 294.5950
v	-008.6333 -137.5770 296.6830
v	008.4393 -056.3600 210.1960
v	-019.7840 -078.0400 261.5500
v	005.9622 -137.5920 300.6910
v	007.8047 -137.0920 301.0430
v	-005.7789 -137.5920 300.6910
v	000.0916 -140.8970 303.2610
v	-007.6214 -137.0920 301.0430
v	005.7319 -136.5870 299.2840
v	-005.5486 -136.5870 299.2840
v	005.7270 -135.0730 298.3970
v	000.0916 -135.8300 298.8400
v	015.4737 -081.5242 238.2530
v	-003.5934 -096.1504 283.9900
v	-009.5355 -098.9666 284.8770
v	009.6374 -139.6350 294.5950
v	009.6472 -141.5560 295.1920
v	007.6859 -138.2130 296.8670
v	030.1893 -132.7260 248.0170
v	026.9453 -133.2650 248.0070
v	026.4455 -130.1290 244.0080
v	029.6895 -129.5900 244.0180
v	028.3174 -131.4280 246.0120
v	010.7694 -142.8940 293.2910
v	010.3774 -141.8940 291.8850
v	026.3475 -131.9810 249.0800
v	018.6099 -137.5080 270.5660
v	013.2245 -140.4490 291.6450
v	013.8909 -142.0510 293.8940
v	029.2044 -130.6920 249.7420
v	021.6273 -136.4790 270.8250
v	012.4943 -140.1110 294.9470
v	011.4358 -141.0030 293.4170
v	013.1608 -141.7130 297.2020
v	010.0393 -142.5560 296.5990
v	011.9651 -142.3040 295.2470
v	007.8451 -139.5730 297.9410
v	013.1926 -141.0810 294.4220
v	009.2418 -139.7380 298.8840
v	013.7880 -129.6630 280.6090
v	009.8580 -123.2630 298.2890
v	011.9994 -135.8620 289.3020
v	011.7434 -126.4630 289.4490
v	014.7631 -122.4620 275.6130
v	007.4078 -135.4900 298.7940
v	007.1187 -131.3000 293.1050
v	009.7550 -135.6910 294.0370
v	017.1484 -118.4440 278.2050
v	011.3280 -135.3960 315.2980
v	011.7681 -135.2690 299.0080
v	010.2696 -130.4820 286.8570
v	025.8477 -128.8500 245.0770
v	026.3965 -131.0560 246.5430
v	028.7045 -127.5560 245.7430
v	027.6718 -129.0310 244.7110
v	027.5260 -129.7700 247.4100
v	020.4487 -137.7340 270.8020
v	029.4469 -130.1410 246.8800
v	019.7885 -136.2540 270.5880
v	010.2083 -142.2250 294.2420
v	008.8166 -137.5770 296.6830
v	-015.1679 -050.6360 236.7150
v	003.8355 -144.1240 318.4540
v	000.0916 -134.2610 310.6800
v	-015.2757 -057.1340 247.9530
v	-008.0723 -063.8807 250.8380
v	041.5433 028.6360 123.3280
v	032.8735 032.5783 123.6540
v	000.0916 -090.2184 277.6710
v	009.6266 -098.9598 284.8660
v	038.0739 039.4803 117.1250
v	038.0739 038.0005 120.5500
v	039.2304 036.6725 117.7830
v	134.6440 010.5048 102.3210
v	072.4251 003.6199 096.7444
v	072.4251 005.0949 093.3144
v	134.6440 012.7933 097.0144
v	103.5350 008.0032 097.3486
v	038.0739 122.8790 161.6980
v	009.1033 -057.5115 248.8250
v	009.5933 -056.7565 247.0810
v	008.0350 -062.7595 242.8030
v	007.4078 -064.0485 244.1600
v	008.5349 -060.2690 245.7170
v	008.2556 -063.8807 250.8380
v	018.4090 -049.4654 223.7160
v	011.2741 -048.0194 224.4850
v	013.6998 -037.5374 206.9280
v	016.2529 -038.0574 206.6480
v	014.9090 -043.2699 215.4440
v	012.1121 -044.5154 226.3480
v	013.9987 -036.2834 207.5890
v	012.7712 -041.5889 216.3370
v	010.2536 -053.0127 235.1790
v	018.4090 -044.5154 226.3480
v	021.2904 -056.7565 247.0810
v	021.2904 -065.2345 241.0340
v	019.8497 -053.9930 234.5450
v	015.3512 -050.6360 236.7150
v	021.8490 -057.5115 248.8250
v	021.8490 -066.7485 242.2340
v	021.5697 -061.5628 244.7940
v	021.8490 -063.7105 257.5140
v	013.4339 -073.9985 264.4330
v	015.4761 -060.6110 253.1690
v	249.0320 -061.0005 069.6464
v	249.0320 -058.7125 064.3384
v	191.8380 -024.1037 083.3300
v	-032.6816 126.2480 161.4770
v	168.1620 005.9401 095.0296
v	249.0320 -063.2935 074.9574
v	039.9410 119.2230 175.6690
v	168.1620 001.3585 105.6480
v	145.9310 030.3977 126.3620
v	027.6755 122.8790 161.6980
v	025.7987 133.1790 162.7950
v	032.8723 126.2590 161.4820
v	025.7987 126.3040 178.7210
v	032.8723 120.6010 174.5900
v	035.7610 133.1110 183.2050
v	028.6898 142.1270 188.6400
v	039.2990 128.5970 180.4860
v	035.3869 128.9090 180.7480
v	279.0270 081.9514 083.2594
v	274.7690 077.4430 080.5394
v	039.2990 135.4730 164.5550
v	035.7610 139.9860 167.2740
v	157.2140 108.7130 123.9070
v	028.6898 149.0020 172.7140
v	032.2254 141.0570 177.9580
v	274.7690 070.5679 096.4704
v	279.0270 075.0762 099.1854
v	157.2140 101.8380 139.8370
v	306.6010 013.9792 047.6044
v	282.1190 018.1542 071.8704
v	225.6970 057.8246 099.1078
v	367.4140 -014.6825 019.6724
v	367.4140 -007.8076 003.7464
v	323.2200 033.6344 051.4659
v	014.7521 -056.3697 233.0100
v	016.2529 -036.2834 207.5890
v	015.0511 -037.0404 207.1890
v	017.3310 -042.0804 216.0750
v	015.1932 -040.3994 216.9680
v	014.6284 -068.4992 247.5440
v	014.6455 -064.6977 242.5580
v	055.2495 021.5489 106.9330
v	023.6008 -093.4586 249.5310
v	-015.2929 -060.6110 253.1690
v	-010.0704 -053.0127 235.1790
v	008.2457 -142.9390 307.9320
v	-029.2992 -130.6920 244.9370
v	-021.4268 -136.9450 270.5660
v	-028.1684 -129.2560 245.8130
v	-018.4450 -137.0430 270.8240
v	-009.4640 -141.5560 295.1920
v	-011.2526 -141.0030 293.4170
v	-010.0250 -142.2250 294.2420
v	-006.9354 -131.3000 293.1050
v	-009.5717 -135.6910 294.0370
v	-009.0585 -139.7380 298.8840
v	-007.6619 -139.5730 297.9410
v	-007.5026 -138.2130 296.8670
v	000.0916 -143.8980 285.9640
v	000.0916 -138.6600 285.3450
v	-010.0863 -130.4820 286.8570
v	-006.9195 -143.3830 301.2130
v	021.8674 -104.3020 243.1680
v	000.0916 -073.5445 240.7840
v	000.0916 -147.3240 309.6140
v	002.8995 -115.7410 281.5350
v	-008.5451 -111.4830 278.6680
v	000.0916 -128.2000 288.7580
v	000.0916 -072.9311 249.5060
v	000.0916 -133.1860 295.7510
v	-017.5568 -093.6128 277.1010
v	000.0916 -137.0900 299.9880
v	007.1028 -143.3830 301.2130
v	025.2572 028.8148 113.7750
v	000.0916 -120.1640 293.9420
v	-014.4623 -064.6977 242.5580
v	-021.6657 -065.2295 249.8750
v	-014.8678 -037.0404 207.1890
v	-012.5879 -041.5889 216.3370
v	-019.6664 -053.9930 234.5450
v	032.8710 032.2401 107.0540
v	-008.1997 -110.2160 283.4200
v	033.2067 026.1920 120.3110
v	040.8205 029.6173 113.5900
v	000.0916 -100.4210 284.6490
v	027.6755 079.6997 142.8390
v	032.8747 081.9196 137.6960
v	000.9149 -103.3680 277.2420
v	-002.7162 -115.7410 281.5350
v	006.1288 -105.9020 267.7400
v	008.3829 -110.2160 283.4200
v	019.9673 -078.0400 261.5500
v	021.8490 -065.2295 249.8750
v	017.7401 -093.6128 277.1010
v	015.4590 -057.1340 247.9530
v	071.2710 066.7163 127.9410
v	071.2710 062.9467 136.6800
v	250.4760 -057.4239 068.0424
v	-032.6988 120.6150 174.5920
v	280.0950 020.6534 067.0684
v	259.6170 007.5634 071.5594
v	026.7371 125.2000 168.7990
v	149.8350 071.0164 116.1780
v	035.3869 135.7840 164.8190
v	027.2442 137.6530 175.7170
v	150.8470 066.3278 126.5430
v	157.3940 107.5310 133.2310
v	302.3570 013.8419 043.6794
v	224.1300 061.8528 088.9606
v	292.7930 016.6572 057.5557
v	360.7200 -019.1915 016.9574
v	360.7200 -016.8975 011.6454
v	360.7200 -014.6095 006.3384
v	360.7200 -012.3155 001.0274
v	362.9510 -014.2507 009.8979
v	332.5990 -000.9215 027.3169
v	320.4820 034.8178 042.1432
v	320.4820 027.9425 058.0714
v	324.6410 016.0900 032.8961
v	325.7030 012.1145 043.1694
v	008.7284 -111.4830 278.6680
v	012.8055 -105.2970 276.523
f 3	0 1 2 
f 3	5 2 3 
f 3	5 3 4 
f 3	5 4 0 
f 3	5 0 2 
f 3	12 6 7 
f 3	12 7 8 
f 3	12 8 9 
f 3	12 9 10 
f 3	12 10 11 
f 3	12 11 6 
f 3	17 13 14 
f 3	17 14 15 
f 3	17 15 16 
f 3	17 16 13 
f 3	21 16 18 
f 3	21 18 19 
f 3	21 19 20 
f 3	21 20 16 
f 3	23 20 22 
f 3	23 22 13 
f 3	23 13 16 
f 3	23 16 20 
f 3	26 18 24 
f 3	26 24 25 
f 3	26 25 19 
f 3	26 19 18 
f 3	30 27 0 
f 3	30 0 28 
f 3	30 28 29 
f 3	30 29 27 
f 3	33 31 15 
f 3	33 15 29 
f 3	33 29 32 
f 3	33 32 31 
f 3	37 34 9 
f 3	37 9 35 
f 3	37 35 36 
f 3	37 36 34 
f 3	42 38 39 
f 3	42 39 40 
f 3	42 40 41 
f 3	42 41 38 
f 3	46 40 43 
f 3	46 43 44 
f 3	46 44 45 
f 3	46 45 40 
f 3	52 47 48 
f 3	52 48 49 
f 3	52 49 50 
f 3	52 50 51 
f 3	52 51 47 
f 3	57 53 54 
f 3	57 54 55 
f 3	57 55 56 
f 3	57 56 53 
f 3	61 58 59 
f 3	61 59 60 
f 3	61 60 10 
f 3	61 10 58 
f 3	65 62 28 
f 3	65 28 63 
f 3	65 63 64 
f 3	65 64 62 
f 3	70 66 67 
f 3	70 67 68 
f 3	70 68 69 
f 3	70 69 66 
f 3	74 66 71 
f 3	74 71 72 
f 3	74 72 73 
f 3	74 73 66 
f 3	77 69 68 
f 3	77 68 75 
f 3	77 75 76 
f 3	77 76 69 
f 3	82 78 79 
f 3	82 79 80 
f 3	82 80 81 
f 3	82 81 78 
f 3	87 83 84 
f 3	87 84 85 
f 3	87 85 86 
f 3	87 86 83 
f 3	92 88 89 
f 3	92 89 90 
f 3	92 90 91 
f 3	92 91 88 
f 3	95 78 81 
f 3	95 81 93 
f 3	95 93 94 
f 3	95 94 78 
f 3	98 80 49 
f 3	98 49 96 
f 3	98 96 97 
f 3	98 97 80 
f 3	103 99 100 
f 3	103 100 101 
f 3	103 101 102 
f 3	103 102 99 
f 3	109 104 105 
f 3	109 105 106 
f 3	109 106 107 
f 3	109 107 108 
f 3	109 108 104 
f 3	111 110 79 
f 3	111 79 107 
f 3	111 107 106 
f 3	111 106 110 
f 3	116 112 113 
f 3	116 113 114 
f 3	116 114 115 
f 3	116 115 112 
f 3	121 117 118 
f 3	121 118 119 
f 3	121 119 120 
f 3	121 120 117 
f 3	126 122 123 
f 3	126 123 120 
f 3	126 120 119 
f 3	126 119 124 
f 3	126 124 125 
f 3	126 125 122 
f 3	131 127 128 
f 3	131 128 129 
f 3	131 129 130 
f 3	131 130 127 
f 3	136 132 133 
f 3	136 133 134 
f 3	136 134 135 
f 3	136 135 132 
f 3	139 134 137 
f 3	139 137 138 
f 3	139 138 135 
f 3	139 135 134 
f 3	142 117 120 
f 3	142 120 140 
f 3	142 140 141 
f 3	142 141 117 
f 3	148 143 144 
f 3	148 144 145 
f 3	148 145 146 
f 3	148 146 129 
f 3	148 129 147 
f 3	148 147 143 
f 3	151 149 133 
f 3	151 133 132 
f 3	151 132 150 
f 3	151 150 149 
f 3	156 152 153 
f 3	156 153 154 
f 3	156 154 155 
f 3	156 155 152 
f 3	158 122 154 
f 3	158 154 153 
f 3	158 153 157 
f 3	158 157 122 
f 3	163 159 160 
f 3	163 160 161 
f 3	163 161 162 
f 3	163 162 159 
f 3	166 164 161 
f 3	166 161 150 
f 3	166 150 165 
f 3	166 165 164 
f 3	171 167 168 
f 3	171 168 169 
f 3	171 169 170 
f 3	171 170 167 
f 3	172 167 159 
f 3	172 159 162 
f 3	172 162 168 
f 3	172 168 167 
f 3	175 146 145 
f 3	175 145 173 
f 3	175 173 174 
f 3	175 174 146 
f 3	177 123 176 
f 3	177 176 152 
f 3	177 152 155 
f 3	177 155 123 
f 3	179 178 122 
f 3	179 122 125 
f 3	179 125 137 
f 3	179 137 178 
f 3	181 134 180 
f 3	181 180 178 
f 3	181 178 137 
f 3	181 137 134 
f 3	184 149 160 
f 3	184 160 182 
f 3	184 182 183 
f 3	184 183 149 
f 3	189 185 186 
f 3	189 186 187 
f 3	189 187 188 
f 3	189 188 185 
f 3	191 159 190 
f 3	191 190 182 
f 3	191 182 160 
f 3	191 160 159 
f 3	196 192 193 
f 3	196 193 194 
f 3	196 194 195 
f 3	196 195 192 
f 3	200 197 89 
f 3	200 89 198 
f 3	200 198 199 
f 3	200 199 197 
f 3	203 201 84 
f 3	203 84 83 
f 3	203 83 202 
f 3	203 202 201 
f 3	206 185 188 
f 3	206 188 204 
f 3	206 204 205 
f 3	206 205 185 
f 3	209 207 208 
f 3	209 208 112 
f 3	209 112 115 
f 3	209 115 207 
f 3	212 210 197 
f 3	212 197 211 
f 3	212 211 187 
f 3	212 187 210 
f 3	215 83 86 
f 3	215 86 213 
f 3	215 213 214 
f 3	215 214 83 
f 3	219 104 216 
f 3	219 216 217 
f 3	219 217 218 
f 3	219 218 105 
f 3	219 105 104 
f 3	220 51 50 
f 3	220 50 105 
f 3	220 105 218 
f 3	220 218 213 
f 3	220 213 86 
f 3	220 86 51 
f 3	221 101 100 
f 3	221 100 108 
f 3	221 108 107 
f 3	221 107 101 
f 3	223 213 218 
f 3	223 218 217 
f 3	223 217 222 
f 3	223 222 213 
f 3	224 216 35 
f 3	224 35 64 
f 3	224 64 217 
f 3	224 217 216 
f 3	225 63 222 
f 3	225 222 217 
f 3	225 217 64 
f 3	225 64 63 
f 3	227 222 226 
f 3	227 226 214 
f 3	227 214 213 
f 3	227 213 222 
f 3	228 157 176 
f 3	228 176 123 
f 3	228 123 122 
f 3	228 122 157 
f 3	231 229 195 
f 3	231 195 194 
f 3	231 194 230 
f 3	231 230 229 
f 3	234 193 232 
f 3	234 232 233 
f 3	234 233 194 
f 3	234 194 193 
f 3	236 162 235 
f 3	236 235 169 
f 3	236 169 168 
f 3	236 168 162 
f 3	237 235 190 
f 3	237 190 170 
f 3	237 170 169 
f 3	237 169 235 
f 3	238 167 170 
f 3	238 170 190 
f 3	238 190 159 
f 3	238 159 167 
f 3	239 150 161 
f 3	239 161 160 
f 3	239 160 149 
f 3	239 149 150 
f 3	240 164 235 
f 3	240 235 162 
f 3	240 162 161 
f 3	240 161 164 
f 3	242 165 150 
f 3	242 150 132 
f 3	242 132 241 
f 3	242 241 165 
f 3	245 138 243 
f 3	245 243 244 
f 3	245 244 135 
f 3	245 135 138 
f 3	246 244 241 
f 3	246 241 132 
f 3	246 132 135 
f 3	246 135 244 
f 3	251 247 248 
f 3	251 248 249 
f 3	251 249 250 
f 3	251 250 247 
f 3	255 252 249 
f 3	255 249 253 
f 3	255 253 254 
f 3	255 254 252 
f 3	260 256 257 
f 3	260 257 258 
f 3	260 258 259 
f 3	260 259 256 
f 3	262 257 247 
f 3	262 247 261 
f 3	262 261 258 
f 3	262 258 257 
f 3	264 247 250 
f 3	264 250 263 
f 3	264 263 261 
f 3	264 261 247 
f 3	265 250 249 
f 3	265 249 252 
f 3	265 252 256 
f 3	265 256 250 
f 3	269 266 254 
f 3	269 254 267 
f 3	269 267 268 
f 3	269 268 266 
f 3	271 270 248 
f 3	271 248 247 
f 3	271 247 257 
f 3	271 257 270 
f 3	273 270 266 
f 3	273 266 272 
f 3	273 272 248 
f 3	273 248 270 
f 3	278 274 275 
f 3	278 275 276 
f 3	278 276 277 
f 3	278 277 274 
f 3	280 279 268 
f 3	280 268 267 
f 3	280 267 274 
f 3	280 274 279 
f 3	282 281 272 
f 3	282 272 266 
f 3	282 266 268 
f 3	282 268 281 
f 3	286 283 284 
f 3	286 284 285 
f 3	286 285 277 
f 3	286 277 283 
f 3	289 287 279 
f 3	289 279 285 
f 3	289 285 288 
f 3	289 288 287 
f 3	292 119 118 
f 3	292 118 290 
f 3	292 290 291 
f 3	292 291 119 
f 3	293 155 154 
f 3	293 154 284 
f 3	293 284 283 
f 3	293 283 291 
f 3	293 291 140 
f 3	293 140 155 
f 3	294 248 272 
f 3	294 272 253 
f 3	294 253 249 
f 3	294 249 248 
f 3	295 284 125 
f 3	295 125 288 
f 3	295 288 285 
f 3	295 285 284 
f 3	298 117 141 
f 3	298 141 296 
f 3	298 296 297 
f 3	298 297 117 
f 3	300 198 201 
f 3	300 201 202 
f 3	300 202 299 
f 3	300 299 198 
f 3	303 174 301 
f 3	303 301 302 
f 3	303 302 146 
f 3	303 146 174 
f 3	308 304 305 
f 3	308 305 306 
f 3	308 306 307 
f 3	308 307 304 
f 3	311 307 306 
f 3	311 306 309 
f 3	311 309 310 
f 3	311 310 307 
f 3	316 312 313 
f 3	316 313 314 
f 3	316 314 315 
f 3	316 315 312 
f 3	319 317 314 
f 3	319 314 313 
f 3	319 313 318 
f 3	319 318 317 
f 3	322 320 317 
f 3	322 317 318 
f 3	322 318 321 
f 3	322 321 320 
f 3	325 315 323 
f 3	325 323 324 
f 3	325 324 312 
f 3	325 312 315 
f 3	330 326 327 
f 3	330 327 328 
f 3	330 328 329 
f 3	330 329 326 
f 3	335 331 332 
f 3	335 332 333 
f 3	335 333 334 
f 3	335 334 331 
f 3	339 336 337 
f 3	339 337 331 
f 3	339 331 338 
f 3	339 338 336 
f 3	341 337 340 
f 3	341 340 332 
f 3	341 332 331 
f 3	341 331 337 
f 3	343 340 342 
f 3	343 342 333 
f 3	343 333 332 
f 3	343 332 340 
f 3	345 342 340 
f 3	345 340 337 
f 3	345 337 344 
f 3	345 344 342 
f 3	348 346 347 
f 3	348 347 327 
f 3	348 327 326 
f 3	348 326 346 
f 3	353 349 350 
f 3	353 350 351 
f 3	353 351 352 
f 3	353 352 349 
f 3	355 351 354 
f 3	355 354 347 
f 3	355 347 352 
f 3	355 352 351 
f 3	357 346 356 
f 3	357 356 352 
f 3	357 352 347 
f 3	357 347 346 
f 3	360 358 351 
f 3	360 351 350 
f 3	360 350 359 
f 3	360 359 358 
f 3	362 358 359 
f 3	362 359 361 
f 3	362 361 356 
f 3	362 356 358 
f 3	364 363 354 
f 3	364 354 351 
f 3	364 351 358 
f 3	364 358 363 
f 3	365 363 320 
f 3	365 320 321 
f 3	365 321 354 
f 3	365 354 363 
f 3	367 366 326 
f 3	367 326 329 
f 3	367 329 336 
f 3	367 336 366 
f 3	368 326 320 
f 3	368 320 363 
f 3	368 363 346 
f 3	368 346 326 
f 3	372 369 370 
f 3	372 370 371 
f 3	372 371 320 
f 3	372 320 326 
f 3	372 326 366 
f 3	372 366 369 
f 3	375 373 374 
f 3	375 374 314 
f 3	375 314 317 
f 3	375 317 373 
f 3	379 376 377 
f 3	379 377 378 
f 3	379 378 371 
f 3	379 371 370 
f 3	379 370 376 
f 3	384 380 381 
f 3	384 381 382 
f 3	384 382 383 
f 3	384 383 380 
f 3	388 385 386 
f 3	388 386 387 
f 3	388 387 383 
f 3	388 383 385 
f 3	391 389 390 
f 3	391 390 382 
f 3	391 382 381 
f 3	391 381 389 
f 3	393 376 392 
f 3	393 392 380 
f 3	393 380 377 
f 3	393 377 376 
f 3	396 392 394 
f 3	396 394 395 
f 3	396 395 381 
f 3	396 381 380 
f 3	396 380 392 
f 3	399 397 369 
f 3	399 369 386 
f 3	399 386 398 
f 3	399 398 397 
f 3	402 376 370 
f 3	402 370 400 
f 3	402 400 401 
f 3	402 401 376 
f 3	403 398 401 
f 3	403 401 400 
f 3	403 400 397 
f 3	403 397 398 
f 3	408 404 405 
f 3	408 405 406 
f 3	408 406 407 
f 3	408 407 404 
f 3	413 409 410 
f 3	413 410 411 
f 3	413 411 412 
f 3	413 412 409 
f 3	416 414 415 
f 3	416 415 407 
f 3	416 407 406 
f 3	416 406 414 
f 3	421 417 418 
f 3	421 418 419 
f 3	421 419 420 
f 3	421 420 417 
f 3	424 422 423 
f 3	424 423 418 
f 3	424 418 417 
f 3	424 417 422 
f 3	429 425 426 
f 3	429 426 427 
f 3	429 427 428 
f 3	429 428 425 
f 3	434 430 431 
f 3	434 431 432 
f 3	434 432 433 
f 3	434 433 430 
f 3	438 435 436 
f 3	438 436 437 
f 3	438 437 390 
f 3	438 390 435 
f 3	442 439 440 
f 3	442 440 412 
f 3	442 412 441 
f 3	442 441 439 
f 3	445 443 444 
f 3	445 444 423 
f 3	445 423 422 
f 3	445 422 443 
f 3	450 446 447 
f 3	450 447 448 
f 3	450 448 449 
f 3	450 449 446 
f 3	453 451 452 
f 3	453 452 446 
f 3	453 446 449 
f 3	453 449 451 
f 3	458 454 455 
f 3	458 455 456 
f 3	458 456 457 
f 3	458 457 454 
f 3	463 459 460 
f 3	463 460 461 
f 3	463 461 462 
f 3	463 462 459 
f 3	468 464 465 
f 3	468 465 466 
f 3	468 466 467 
f 3	468 467 464 
f 3	473 469 470 
f 3	473 470 471 
f 3	473 471 472 
f 3	473 472 469 
f 3	477 474 475 
f 3	477 475 476 
f 3	477 476 459 
f 3	477 459 474 
f 3	480 451 449 
f 3	480 449 478 
f 3	480 478 479 
f 3	480 479 451 
f 3	485 481 482 
f 3	485 482 483 
f 3	485 483 484 
f 3	485 484 481 
f 3	488 483 486 
f 3	488 486 487 
f 3	488 487 484 
f 3	488 484 483 
f 3	491 486 489 
f 3	491 489 490 
f 3	491 490 487 
f 3	491 487 486 
f 3	494 466 465 
f 3	494 465 492 
f 3	494 492 493 
f 3	494 493 466 
f 3	496 495 483 
f 3	496 483 482 
f 3	496 482 493 
f 3	496 493 495 
f 3	501 497 498 
f 3	501 498 499 
f 3	501 499 500 
f 3	501 500 497 
f 3	506 502 503 
f 3	506 503 504 
f 3	506 504 505 
f 3	506 505 502 
f 3	508 505 504 
f 3	508 504 447 
f 3	508 447 507 
f 3	508 507 505 
f 3	511 509 510 
f 3	511 510 505 
f 3	511 505 507 
f 3	511 507 509 
f 3	516 512 499 
f 3	516 499 513 
f 3	516 513 502 
f 3	516 502 514 
f 3	516 514 515 
f 3	516 515 512 
f 3	521 517 518 
f 3	521 518 519 
f 3	521 519 520 
f 3	521 520 517 
f 3	526 522 523 
f 3	526 523 524 
f 3	526 524 525 
f 3	526 525 522 
f 3	529 527 528 
f 3	529 528 524 
f 3	529 524 523 
f 3	529 523 527 
f 3	530 527 517 
f 3	530 517 520 
f 3	530 520 528 
f 3	530 528 527 
f 3	533 519 518 
f 3	533 518 531 
f 3	533 531 532 
f 3	533 532 519 
f 3	538 534 535 
f 3	538 535 536 
f 3	538 536 537 
f 3	538 537 534 
f 3	541 539 535 
f 3	541 535 534 
f 3	541 534 540 
f 3	541 540 539 
f 3	545 542 543 
f 3	545 543 532 
f 3	545 532 544 
f 3	545 544 542 
f 3	549 546 547 
f 3	549 547 548 
f 3	549 548 544 
f 3	549 544 546 
f 3	551 550 513 
f 3	551 513 548 
f 3	551 548 547 
f 3	551 547 550 
f 3	555 552 553 
f 3	555 553 542 
f 3	555 542 554 
f 3	555 554 552 
f 3	558 556 504 
f 3	558 504 503 
f 3	558 503 557 
f 3	558 557 556 
f 3	559 498 552 
f 3	559 552 554 
f 3	559 554 499 
f 3	559 499 498 
f 3	560 536 535 
f 3	560 535 517 
f 3	560 517 527 
f 3	560 527 536 
f 3	561 448 447 
f 3	561 447 504 
f 3	561 504 556 
f 3	561 556 448 
f 3	562 449 448 
f 3	562 448 509 
f 3	562 509 478 
f 3	562 478 449 
f 3	564 553 546 
f 3	564 546 531 
f 3	564 531 563 
f 3	564 563 553 
f 3	569 565 566 
f 3	569 566 567 
f 3	569 567 568 
f 3	569 568 565 
f 3	572 570 571 
f 3	572 571 567 
f 3	572 567 500 
f 3	572 500 570 
f 3	574 462 573 
f 3	574 573 570 
f 3	574 570 512 
f 3	574 512 462 
f 3	575 498 550 
f 3	575 550 547 
f 3	575 547 552 
f 3	575 552 498 
f 3	576 461 515 
f 3	576 515 514 
f 3	576 514 557 
f 3	576 557 461 
f 3	577 565 568 
f 3	577 568 492 
f 3	577 492 465 
f 3	577 465 565 
f 3	579 512 515 
f 3	579 515 578 
f 3	579 578 474 
f 3	579 474 512 
f 3	581 573 580 
f 3	581 580 571 
f 3	581 571 570 
f 3	581 570 573 
f 3	584 582 479 
f 3	584 479 478 
f 3	584 478 583 
f 3	584 583 582 
f 3	585 507 447 
f 3	585 447 446 
f 3	585 446 583 
f 3	585 583 507 
f 3	586 467 486 
f 3	586 486 483 
f 3	586 483 495 
f 3	586 495 467 
f 3	589 587 588 
f 3	589 588 471 
f 3	589 471 470 
f 3	589 470 587 
f 3	592 590 591 
f 3	592 591 492 
f 3	592 492 568 
f 3	592 568 590 
f 3	593 567 566 
f 3	593 566 497 
f 3	593 497 500 
f 3	593 500 567 
f 3	594 567 571 
f 3	594 571 590 
f 3	594 590 568 
f 3	594 568 567 
f 3	595 507 583 
f 3	595 583 478 
f 3	595 478 509 
f 3	595 509 507 
f 3	596 499 554 
f 3	596 554 548 
f 3	596 548 513 
f 3	596 513 499 
f 3	597 554 542 
f 3	597 542 544 
f 3	597 544 548 
f 3	597 548 554 
f 3	598 531 546 
f 3	598 546 544 
f 3	598 544 532 
f 3	598 532 531 
f 3	599 540 519 
f 3	599 519 532 
f 3	599 532 543 
f 3	599 543 540 
f 3	600 520 534 
f 3	600 534 537 
f 3	600 537 528 
f 3	600 528 520 
f 3	601 528 537 
f 3	601 537 525 
f 3	601 525 524 
f 3	601 524 528 
f 3	602 536 522 
f 3	602 522 525 
f 3	602 525 537 
f 3	602 537 536 
f 3	603 536 527 
f 3	603 527 523 
f 3	603 523 522 
f 3	603 522 536 
f 3	604 540 534 
f 3	604 534 520 
f 3	604 520 519 
f 3	604 519 540 
f 3	605 563 539 
f 3	605 539 540 
f 3	605 540 543 
f 3	605 543 563 
f 3	606 553 563 
f 3	606 563 543 
f 3	606 543 542 
f 3	606 542 553 
f 3	607 550 503 
f 3	607 503 502 
f 3	607 502 513 
f 3	607 513 550 
f 3	608 510 514 
f 3	608 514 502 
f 3	608 502 505 
f 3	608 505 510 
f 3	609 448 556 
f 3	609 556 510 
f 3	609 510 509 
f 3	609 509 448 
f 3	610 556 557 
f 3	610 557 514 
f 3	610 514 510 
f 3	610 510 556 
f 3	611 517 535 
f 3	611 535 539 
f 3	611 539 518 
f 3	611 518 517 
f 3	612 563 531 
f 3	612 531 518 
f 3	612 518 539 
f 3	612 539 563 
f 3	613 570 500 
f 3	613 500 499 
f 3	613 499 512 
f 3	613 512 570 
f 3	614 547 546 
f 3	614 546 553 
f 3	614 553 552 
f 3	614 552 547 
f 3	615 462 461 
f 3	615 461 557 
f 3	615 557 503 
f 3	615 503 550 
f 3	615 550 498 
f 3	615 498 462 
f 3	617 580 616 
f 3	617 616 590 
f 3	617 590 571 
f 3	617 571 580 
f 3	618 474 459 
f 3	618 459 462 
f 3	618 462 512 
f 3	618 512 474 
f 3	619 489 466 
f 3	619 466 493 
f 3	619 493 482 
f 3	619 482 489 
f 3	620 591 495 
f 3	620 495 493 
f 3	620 493 492 
f 3	620 492 591 
f 3	621 490 481 
f 3	621 481 484 
f 3	621 484 487 
f 3	621 487 490 
f 3	622 489 482 
f 3	622 482 481 
f 3	622 481 490 
f 3	622 490 489 
f 3	623 464 591 
f 3	623 591 590 
f 3	623 590 616 
f 3	623 616 464 
f 3	624 464 467 
f 3	624 467 495 
f 3	624 495 591 
f 3	624 591 464 
f 3	625 461 460 
f 3	625 460 578 
f 3	625 578 515 
f 3	625 515 461 
f 3	626 578 472 
f 3	626 472 475 
f 3	626 475 474 
f 3	626 474 578 
f 3	627 471 456 
f 3	627 456 475 
f 3	627 475 472 
f 3	627 472 471 
f 3	628 566 580 
f 3	628 580 573 
f 3	628 573 497 
f 3	628 497 566 
f 3	629 565 616 
f 3	629 616 580 
f 3	629 580 566 
f 3	629 566 565 
f 3	630 464 616 
f 3	630 616 565 
f 3	630 565 465 
f 3	630 465 464 
f 3	631 588 457 
f 3	631 457 456 
f 3	631 456 471 
f 3	631 471 588 
f 3	632 467 466 
f 3	632 466 489 
f 3	632 489 486 
f 3	632 486 467 
f 3	633 469 460 
f 3	633 460 459 
f 3	633 459 476 
f 3	633 476 469 
f 3	634 582 444 
f 3	634 444 443 
f 3	634 443 479 
f 3	634 479 582 
f 3	637 454 457 
f 3	637 457 635 
f 3	637 635 636 
f 3	637 636 454 
f 3	640 636 635 
f 3	640 635 638 
f 3	640 638 639 
f 3	640 639 636 
f 3	644 641 642 
f 3	644 642 643 
f 3	644 643 638 
f 3	644 638 641 
f 3	647 641 645 
f 3	647 645 646 
f 3	647 646 642 
f 3	647 642 641 
f 3	648 587 470 
f 3	648 470 455 
f 3	648 455 454 
f 3	648 454 587 
f 3	651 649 650 
f 3	651 650 452 
f 3	651 452 451 
f 3	651 451 649 
f 3	390 652 435 
f 3	655 653 650 
f 3	655 650 649 
f 3	655 649 654 
f 3	655 654 653 
f 3	658 656 431 
f 3	658 431 430 
f 3	658 430 657 
f 3	658 657 656 
f 3	661 654 659 
f 3	661 659 299 
f 3	661 299 660 
f 3	661 660 654 
f 3	665 653 662 
f 3	665 662 663 
f 3	665 663 664 
f 3	665 664 653 
f 3	668 666 657 
f 3	668 657 211 
f 3	668 211 667 
f 3	668 667 666 
f 3	672 669 670 
f 3	672 670 664 
f 3	672 664 671 
f 3	672 671 669 
f 3	676 673 674 
f 3	676 674 309 
f 3	676 309 675 
f 3	676 675 673 
f 3	678 211 657 
f 3	678 657 430 
f 3	678 430 677 
f 3	678 677 188 
f 3	678 188 187 
f 3	678 187 211 
f 3	680 301 679 
f 3	680 679 669 
f 3	680 669 302 
f 3	680 302 301 
f 3	682 299 202 
f 3	682 202 681 
f 3	682 681 660 
f 3	682 660 299 
f 3	688 683 440 
f 3	688 440 439 
f 3	688 439 684 
f 3	688 684 685 
f 3	688 685 686 
f 3	688 686 687 
f 3	688 687 683 
f 3	690 305 304 
f 3	690 304 689 
f 3	690 689 674 
f 3	690 674 305 
f 3	691 211 197 
f 3	691 197 199 
f 3	691 199 667 
f 3	691 667 211 
f 3	692 297 296 
f 3	692 296 689 
f 3	692 689 304 
f 3	692 304 297 
f 3	693 83 214 
f 3	693 214 681 
f 3	693 681 202 
f 3	693 202 83 
f 3	695 297 304 
f 3	695 304 307 
f 3	695 307 694 
f 3	695 694 297 
f 3	696 146 302 
f 3	696 302 130 
f 3	696 130 129 
f 3	696 129 146 
f 3	697 117 297 
f 3	697 297 694 
f 3	697 694 118 
f 3	697 118 117 
f 3	699 698 204 
f 3	699 204 188 
f 3	699 188 677 
f 3	699 677 698 
f 3	701 91 90 
f 3	701 90 663 
f 3	701 663 700 
f 3	701 700 91 
f 3	704 702 113 
f 3	704 113 112 
f 3	704 112 703 
f 3	704 703 702 
f 3	706 112 208 
f 3	706 208 705 
f 3	706 705 703 
f 3	706 703 112 
f 3	707 210 204 
f 3	707 204 698 
f 3	707 698 90 
f 3	707 90 89 
f 3	707 89 210 
f 3	89 197 210 
f 3	710 708 709 
f 3	710 709 173 
f 3	710 173 145 
f 3	710 145 708 
f 3	713 711 207 
f 3	713 207 192 
f 3	713 192 712 
f 3	713 712 711 
f 3	714 88 201 
f 3	714 201 198 
f 3	714 198 89 
f 3	714 89 88 
f 3	716 99 715 
f 3	716 715 108 
f 3	716 108 100 
f 3	716 100 99 
f 3	717 93 97 
f 3	717 97 715 
f 3	717 715 99 
f 3	717 99 93 
f 3	718 94 93 
f 3	718 93 99 
f 3	718 99 102 
f 3	718 102 94 
f 3	721 719 720 
f 3	721 720 173 
f 3	721 173 709 
f 3	721 709 719 
f 3	722 48 216 
f 3	722 216 72 
f 3	722 72 71 
f 3	722 71 48 
f 3	724 723 226 
f 3	724 226 222 
f 3	724 222 63 
f 3	724 63 723 
f 3	726 96 69 
f 3	726 69 76 
f 3	726 76 725 
f 3	726 725 96 
f 3	728 723 727 
f 3	728 727 91 
f 3	728 91 700 
f 3	728 700 723 
f 3	729 58 10 
f 3	729 10 35 
f 3	729 35 216 
f 3	729 216 58 
f 3	732 2 1 
f 3	732 1 730 
f 3	732 730 731 
f 3	732 731 2 
f 3	737 733 734 
f 3	737 734 735 
f 3	737 735 736 
f 3	737 736 733 
f 3	740 738 739 
f 3	740 739 27 
f 3	740 27 14 
f 3	740 14 738 
f 3	743 741 742 
f 3	743 742 48 
f 3	743 48 47 
f 3	743 47 741 
f 3	746 744 2 
f 3	746 2 731 
f 3	746 731 745 
f 3	746 745 744 
f 3	749 747 748 
f 3	749 748 734 
f 3	749 734 733 
f 3	749 733 747 
f 3	753 750 751 
f 3	753 751 741 
f 3	753 741 752 
f 3	753 752 750 
f 3	3 754 4 
f 3	755 751 6 
f 3	755 6 742 
f 3	755 742 741 
f 3	755 741 751 
f 3	756 757 3 
f 3	760 758 759 
f 3	760 759 3 
f 3	760 3 757 
f 3	760 757 758 
f 3	764 761 762 
f 3	764 762 736 
f 3	764 736 763 
f 3	764 763 761 
f 3	765 56 55 
f 3	765 55 58 
f 3	765 58 216 
f 3	765 216 56 
f 3	766 48 53 
f 3	766 53 56 
f 3	766 56 216 
f 3	766 216 48 
f 3	767 73 72 
f 3	767 72 725 
f 3	767 725 76 
f 3	767 76 73 
f 3	768 104 108 
f 3	768 108 715 
f 3	768 715 725 
f 3	768 725 104 
f 3	769 96 725 
f 3	769 725 715 
f 3	769 715 97 
f 3	769 97 96 
f 3	771 703 705 
f 3	771 705 770 
f 3	771 770 702 
f 3	771 702 703 
f 3	773 770 772 
f 3	773 772 113 
f 3	773 113 702 
f 3	773 702 770 
f 3	774 208 772 
f 3	774 772 770 
f 3	774 770 705 
f 3	774 705 208 
f 3	776 309 306 
f 3	776 306 775 
f 3	776 775 675 
f 3	776 675 309 
f 3	777 679 677 
f 3	777 677 430 
f 3	777 430 433 
f 3	777 433 670 
f 3	777 670 669 
f 3	777 669 679 
f 3	778 656 657 
f 3	778 657 666 
f 3	778 666 436 
f 3	778 436 656 
f 3	781 667 779 
f 3	781 779 780 
f 3	781 780 666 
f 3	781 666 667 
f 3	783 642 646 
f 3	783 646 782 
f 3	783 782 643 
f 3	783 643 642 
f 3	784 639 638 
f 3	784 638 643 
f 3	784 643 782 
f 3	784 782 639 
f 3	785 645 639 
f 3	785 639 782 
f 3	785 782 646 
f 3	785 646 645 
f 3	787 641 638 
f 3	787 638 635 
f 3	787 635 786 
f 3	787 786 641 
f 3	788 588 786 
f 3	788 786 635 
f 3	788 635 457 
f 3	788 457 588 
f 3	789 455 476 
f 3	789 476 475 
f 3	789 475 456 
f 3	789 456 455 
f 3	790 497 573 
f 3	790 573 462 
f 3	790 462 498 
f 3	790 498 497 
f 3	791 469 472 
f 3	791 472 578 
f 3	791 578 460 
f 3	791 460 469 
f 3	792 446 452 
f 3	792 452 582 
f 3	792 582 583 
f 3	792 583 446 
f 3	793 455 470 
f 3	793 470 469 
f 3	793 469 476 
f 3	793 476 455 
f 3	795 794 786 
f 3	795 786 588 
f 3	795 588 587 
f 3	795 587 794 
f 3	796 786 794 
f 3	796 794 645 
f 3	796 645 641 
f 3	796 641 786 
f 3	797 649 451 
f 3	797 451 479 
f 3	797 479 443 
f 3	797 443 649 
f 3	798 794 587 
f 3	798 587 454 
f 3	798 454 636 
f 3	798 636 794 
f 3	799 645 794 
f 3	799 794 636 
f 3	799 636 639 
f 3	799 639 645 
f 3	800 650 444 
f 3	800 444 582 
f 3	800 582 452 
f 3	800 452 650 
f 3	801 654 649 
f 3	801 649 443 
f 3	801 443 422 
f 3	801 422 654 
f 3	802 387 377 
f 3	802 377 380 
f 3	802 380 383 
f 3	802 383 387 
f 3	804 803 385 
f 3	804 385 383 
f 3	804 383 382 
f 3	804 382 803 
f 3	805 356 361 
f 3	805 361 349 
f 3	805 349 352 
f 3	805 352 356 
f 3	806 359 350 
f 3	806 350 349 
f 3	806 349 361 
f 3	806 361 359 
f 3	807 347 354 
f 3	807 354 321 
f 3	807 321 327 
f 3	807 327 347 
f 3	808 363 358 
f 3	808 358 356 
f 3	808 356 346 
f 3	808 346 363 
f 3	809 344 337 
f 3	809 337 336 
f 3	809 336 329 
f 3	809 329 344 
f 3	810 334 328 
f 3	810 328 338 
f 3	810 338 331 
f 3	810 331 334 
f 3	811 344 329 
f 3	811 329 328 
f 3	811 328 334 
f 3	811 334 344 
f 3	812 342 344 
f 3	812 344 334 
f 3	812 334 333 
f 3	812 333 342 
f 3	814 813 338 
f 3	814 338 328 
f 3	814 328 327 
f 3	814 327 813 
f 3	815 366 336 
f 3	815 336 338 
f 3	815 338 813 
f 3	815 813 366 
f 3	816 387 813 
f 3	816 813 327 
f 3	816 327 321 
f 3	816 321 378 
f 3	816 378 377 
f 3	816 377 387 
f 3	817 386 369 
f 3	817 369 366 
f 3	817 366 813 
f 3	817 813 387 
f 3	817 387 386 
f 3	819 318 818 
f 3	819 818 378 
f 3	819 378 321 
f 3	819 321 318 
f 3	821 820 818 
f 3	821 818 318 
f 3	821 318 313 
f 3	821 313 820 
f 3	822 312 324 
f 3	822 324 820 
f 3	822 820 313 
f 3	822 313 312 
f 3	823 324 323 
f 3	823 323 374 
f 3	823 374 820 
f 3	823 820 324 
f 3	824 374 323 
f 3	824 323 315 
f 3	824 315 314 
f 3	824 314 374 
f 3	825 820 374 
f 3	825 374 373 
f 3	825 373 818 
f 3	825 818 820 
f 3	826 373 371 
f 3	826 371 378 
f 3	826 378 818 
f 3	826 818 373 
f 3	827 320 371 
f 3	827 371 373 
f 3	827 373 317 
f 3	827 317 320 
f 3	828 397 400 
f 3	828 400 370 
f 3	828 370 369 
f 3	828 369 397 
f 3	829 376 401 
f 3	829 401 398 
f 3	829 398 386 
f 3	829 386 376 
f 3	830 803 394 
f 3	830 394 392 
f 3	830 392 385 
f 3	830 385 803 
f 3	832 831 389 
f 3	832 389 381 
f 3	832 381 395 
f 3	832 395 831 
f 3	835 420 419 
f 3	835 419 833 
f 3	835 833 834 
f 3	835 834 420 
f 3	840 836 837 
f 3	840 837 838 
f 3	840 838 839 
f 3	840 839 836 
f 3	844 841 838 
f 3	844 838 842 
f 3	844 842 843 
f 3	844 843 841 
f 3	847 843 842 
f 3	847 842 845 
f 3	847 845 846 
f 3	847 846 843 
f 3	852 848 849 
f 3	852 849 850 
f 3	852 850 851 
f 3	852 851 848 
f 3	854 846 845 
f 3	854 845 851 
f 3	854 851 853 
f 3	854 853 846 
f 3	855 850 849 
f 3	855 849 437 
f 3	855 437 420 
f 3	855 420 850 
f 3	858 856 857 
f 3	858 857 846 
f 3	858 846 853 
f 3	858 853 856 
f 3	862 859 860 
f 3	862 860 850 
f 3	862 850 861 
f 3	862 861 859 
f 3	867 863 864 
f 3	867 864 865 
f 3	867 865 866 
f 3	867 866 863 
f 3	872 868 869 
f 3	872 869 870 
f 3	872 870 871 
f 3	872 871 868 
f 3	875 873 874 
f 3	875 874 871 
f 3	875 871 870 
f 3	875 870 873 
f 3	878 869 876 
f 3	878 876 877 
f 3	878 877 870 
f 3	878 870 869 
f 3	882 879 880 
f 3	882 880 881 
f 3	882 881 868 
f 3	882 868 879 
f 3	885 883 876 
f 3	885 876 869 
f 3	885 869 884 
f 3	885 884 883 
f 3	888 886 887 
f 3	888 887 871 
f 3	888 871 874 
f 3	888 874 886 
f 3	890 877 889 
f 3	890 889 873 
f 3	890 873 870 
f 3	890 870 877 
f 3	895 891 892 
f 3	895 892 893 
f 3	895 893 894 
f 3	895 894 891 
f 3	898 896 897 
f 3	898 897 891 
f 3	898 891 894 
f 3	898 894 896 
f 3	900 897 899 
f 3	900 899 892 
f 3	900 892 891 
f 3	900 891 897 
f 3	904 901 902 
f 3	904 902 903 
f 3	904 903 893 
f 3	904 893 901 
f 3	906 905 901 
f 3	906 901 893 
f 3	906 893 892 
f 3	906 892 905 
f 3	908 902 907 
f 3	908 907 899 
f 3	908 899 903 
f 3	908 903 902 
f 3	910 909 901 
f 3	910 901 905 
f 3	910 905 881 
f 3	910 881 909 
f 3	911 907 884 
f 3	911 884 881 
f 3	911 881 905 
f 3	911 905 907 
f 3	916 912 913 
f 3	916 913 914 
f 3	916 914 915 
f 3	916 915 912 
f 3	919 913 917 
f 3	919 917 918 
f 3	919 918 914 
f 3	919 914 913 
f 3	922 920 921 
f 3	922 921 912 
f 3	922 912 915 
f 3	922 915 920 
f 3	925 923 924 
f 3	925 924 913 
f 3	925 913 912 
f 3	925 912 923 
f 3	927 926 923 
f 3	927 923 912 
f 3	927 912 921 
f 3	927 921 926 
f 3	929 926 921 
f 3	929 921 917 
f 3	929 917 928 
f 3	929 928 926 
f 3	931 909 930 
f 3	931 930 924 
f 3	931 924 923 
f 3	931 923 909 
f 3	934 880 932 
f 3	934 932 933 
f 3	934 933 930 
f 3	934 930 909 
f 3	934 909 881 
f 3	934 881 880 
f 3	935 877 887 
f 3	935 887 886 
f 3	935 886 889 
f 3	935 889 877 
f 3	936 883 880 
f 3	936 880 879 
f 3	936 879 876 
f 3	936 876 883 
f 3	939 937 863 
f 3	939 863 866 
f 3	939 866 938 
f 3	939 938 937 
f 3	943 940 933 
f 3	943 933 941 
f 3	943 941 942 
f 3	943 942 940 
f 3	945 937 938 
f 3	945 938 940 
f 3	945 940 944 
f 3	945 944 937 
f 3	948 946 947 
f 3	948 947 932 
f 3	948 932 944 
f 3	948 944 946 
f 3	950 946 942 
f 3	950 942 949 
f 3	950 949 859 
f 3	950 859 946 
f 3	951 946 859 
f 3	951 859 861 
f 3	951 861 947 
f 3	951 947 946 
f 3	956 952 953 
f 3	956 953 954 
f 3	956 954 955 
f 3	956 955 952 
f 3	957 834 954 
f 3	957 954 953 
f 3	957 953 861 
f 3	957 861 834 
f 3	959 846 857 
f 3	959 857 958 
f 3	959 958 843 
f 3	959 843 846 
f 3	961 843 958 
f 3	961 958 960 
f 3	961 960 841 
f 3	961 841 843 
f 3	965 962 963 
f 3	965 963 839 
f 3	965 839 964 
f 3	965 964 962 
f 3	969 966 967 
f 3	969 967 848 
f 3	969 848 968 
f 3	969 968 966 
f 3	971 967 970 
f 3	971 970 849 
f 3	971 849 848 
f 3	971 848 967 
f 3	974 972 973 
f 3	974 973 837 
f 3	974 837 836 
f 3	974 836 972 
f 3	977 975 976 
f 3	977 976 962 
f 3	977 962 964 
f 3	977 964 975 
f 3	980 978 979 
f 3	980 979 972 
f 3	980 972 836 
f 3	980 836 978 
f 3	983 981 973 
f 3	983 973 972 
f 3	983 972 982 
f 3	983 982 981 
f 3	984 833 419 
f 3	984 419 860 
f 3	984 860 859 
f 3	984 859 833 
f 3	985 404 407 
f 3	985 407 979 
f 3	985 979 978 
f 3	985 978 404 
f 3	986 411 410 
f 3	986 410 962 
f 3	986 962 976 
f 3	986 976 411 
f 3	989 987 988 
f 3	989 988 960 
f 3	989 960 958 
f 3	989 958 987 
f 3	834 833 990 
f 3	992 987 958 
f 3	992 958 857 
f 3	992 857 991 
f 3	992 991 987 
f 3	996 993 994 
f 3	996 994 995 
f 3	996 995 982 
f 3	996 982 993 
f 3	997 390 437 
f 3	997 437 849 
f 3	997 849 382 
f 3	997 382 390 
f 3	1000 409 998 
f 3	1000 998 999 
f 3	1000 999 410 
f 3	1000 410 409 
f 3	1002 419 432 
f 3	1002 432 1001 
f 3	1002 1001 860 
f 3	1002 860 419 
f 3	1003 415 993 
f 3	1003 993 979 
f 3	1003 979 407 
f 3	1003 407 415 
f 3	1004 428 991 
f 3	1004 991 857 
f 3	1004 857 856 
f 3	1004 856 428 
f 3	1007 1005 1006 
f 3	1007 1006 987 
f 3	1007 987 991 
f 3	1007 991 1005 
f 3	1008 431 425 
f 3	1008 425 1001 
f 3	1008 1001 432 
f 3	1008 432 431 
f 3	1010 441 412 
f 3	1010 412 411 
f 3	1010 411 1009 
f 3	1010 1009 441 
f 3	1011 687 686 
f 3	1011 686 405 
f 3	1011 405 998 
f 3	1011 998 687 
f 3	1012 685 684 
f 3	1012 684 414 
f 3	1012 414 406 
f 3	1012 406 685 
f 3	1013 670 433 
f 3	1013 433 418 
f 3	1013 418 423 
f 3	1013 423 670 
f 3	1014 831 652 
f 3	1014 652 390 
f 3	1014 390 389 
f 3	1014 389 831 
f 3	1015 666 780 
f 3	1015 780 437 
f 3	1015 437 436 
f 3	1015 436 666 
f 3	1016 650 653 
f 3	1016 653 423 
f 3	1016 423 444 
f 3	1016 444 650 
f 3	1017 779 659 
f 3	1017 659 654 
f 3	1017 654 422 
f 3	1017 422 779 
f 3	1018 431 656 
f 3	1018 656 426 
f 3	1018 426 425 
f 3	1018 425 431 
f 3	1019 664 670 
f 3	1019 670 423 
f 3	1019 423 653 
f 3	1019 653 664 
f 3	1020 660 662 
f 3	1020 662 653 
f 3	1020 653 654 
f 3	1020 654 660 
f 3	1021 667 673 
f 3	1021 673 675 
f 3	1021 675 779 
f 3	1021 779 667 
f 3	1023 681 1022 
f 3	1023 1022 662 
f 3	1023 662 660 
f 3	1023 660 681 
f 3	1025 199 1024 
f 3	1025 1024 673 
f 3	1025 673 667 
f 3	1025 667 199 
f 3	1027 296 1026 
f 3	1027 1026 310 
f 3	1027 310 689 
f 3	1027 689 296 
f 3	1028 305 674 
f 3	1028 674 673 
f 3	1028 673 1024 
f 3	1028 1024 305 
f 3	1030 127 1029 
f 3	1030 1029 679 
f 3	1030 679 301 
f 3	1030 301 127 
f 3	1031 199 198 
f 3	1031 198 299 
f 3	1031 299 659 
f 3	1031 659 199 
f 3	1032 226 1022 
f 3	1032 1022 681 
f 3	1032 681 214 
f 3	1032 214 226 
f 3	1033 290 118 
f 3	1033 118 694 
f 3	1033 694 1026 
f 3	1033 1026 290 
f 3	1034 1026 694 
f 3	1034 694 307 
f 3	1034 307 310 
f 3	1034 310 1026 
f 3	1035 779 675 
f 3	1035 675 775 
f 3	1035 775 659 
f 3	1035 659 779 
f 3	1036 970 803 
f 3	1036 803 382 
f 3	1036 382 849 
f 3	1036 849 970 
f 3	1037 918 920 
f 3	1037 920 915 
f 3	1037 915 914 
f 3	1037 914 918 
f 3	1038 917 921 
f 3	1038 921 920 
f 3	1038 920 918 
f 3	1038 918 917 
f 3	1039 928 917 
f 3	1039 917 913 
f 3	1039 913 924 
f 3	1039 924 928 
f 3	1042 928 1040 
f 3	1042 1040 1041 
f 3	1042 1041 926 
f 3	1042 926 928 
f 3	1043 928 924 
f 3	1043 924 930 
f 3	1043 930 1040 
f 3	1043 1040 928 
f 3	1044 1041 909 
f 3	1044 909 923 
f 3	1044 923 926 
f 3	1044 926 1041 
f 3	1045 865 864 
f 3	1045 864 883 
f 3	1045 883 884 
f 3	1045 884 1041 
f 3	1045 1041 1040 
f 3	1045 1040 865 
f 3	1046 930 933 
f 3	1046 933 940 
f 3	1046 940 865 
f 3	1046 865 1040 
f 3	1046 1040 930 
f 3	1047 896 894 
f 3	1047 894 893 
f 3	1047 893 903 
f 3	1047 903 896 
f 3	1048 903 899 
f 3	1048 899 897 
f 3	1048 897 896 
f 3	1048 896 903 
f 3	1049 905 892 
f 3	1049 892 899 
f 3	1049 899 907 
f 3	1049 907 905 
f 3	1050 901 909 
f 3	1050 909 1041 
f 3	1050 1041 902 
f 3	1050 902 901 
f 3	1051 1041 884 
f 3	1051 884 907 
f 3	1051 907 902 
f 3	1051 902 1041 
f 3	1052 871 887 
f 3	1052 887 879 
f 3	1052 879 868 
f 3	1052 868 871 
f 3	1053 881 884 
f 3	1053 884 869 
f 3	1053 869 868 
f 3	1053 868 881 
f 3	1054 889 886 
f 3	1054 886 874 
f 3	1054 874 873 
f 3	1054 873 889 
f 3	1055 876 879 
f 3	1055 879 887 
f 3	1055 887 877 
f 3	1055 877 876 
f 3	1056 944 932 
f 3	1056 932 880 
f 3	1056 880 883 
f 3	1056 883 864 
f 3	1056 864 944 
f 3	1057 940 938 
f 3	1057 938 866 
f 3	1057 866 865 
f 3	1057 865 940 
f 3	1058 937 944 
f 3	1058 944 864 
f 3	1058 864 863 
f 3	1058 863 937 
f 3	1059 947 941 
f 3	1059 941 933 
f 3	1059 933 932 
f 3	1059 932 947 
f 3	1060 946 944 
f 3	1060 944 940 
f 3	1060 940 942 
f 3	1060 942 946 
f 3	1061 949 942 
f 3	1061 942 941 
f 3	1061 941 953 
f 3	1061 953 952 
f 3	1061 952 949 
f 3	1062 861 953 
f 3	1062 953 941 
f 3	1062 941 947 
f 3	1062 947 861 
f 3	1063 990 949 
f 3	1063 949 952 
f 3	1063 952 955 
f 3	1063 955 990 
f 3	1064 420 834 
f 3	1064 834 861 
f 3	1064 861 850 
f 3	1064 850 420 
f 3	1065 859 949 
f 3	1065 949 990 
f 3	1065 990 833 
f 3	1065 833 859 
f 3	1066 860 853 
f 3	1066 853 851 
f 3	1066 851 850 
f 3	1066 850 860 
f 3	1067 968 848 
f 3	1067 848 851 
f 3	1067 851 845 
f 3	1067 845 968 
f 3	1069 1068 968 
f 3	1069 968 845 
f 3	1069 845 842 
f 3	1069 842 1068 
f 3	1070 838 837 
f 3	1070 837 1068 
f 3	1070 1068 842 
f 3	1070 842 838 
f 3	1071 841 964 
f 3	1071 964 839 
f 3	1071 839 838 
f 3	1071 838 841 
f 3	1072 963 978 
f 3	1072 978 836 
f 3	1072 836 839 
f 3	1072 839 963 
f 3	1073 960 975 
f 3	1073 975 964 
f 3	1073 964 841 
f 3	1073 841 960 
f 3	1075 1074 1068 
f 3	1075 1068 837 
f 3	1075 837 973 
f 3	1075 973 1074 
f 3	1076 966 968 
f 3	1076 968 1068 
f 3	1076 1068 1074 
f 3	1076 1074 966 
f 3	1077 860 1001 
f 3	1077 1001 856 
f 3	1077 856 853 
f 3	1077 853 860 
f 3	1078 962 410 
f 3	1078 410 999 
f 3	1078 999 963 
f 3	1078 963 962 
f 3	1079 404 978 
f 3	1079 978 963 
f 3	1079 963 999 
f 3	1079 999 404 
f 3	1080 834 990 
f 3	1080 990 955 
f 3	1080 955 954 
f 3	1080 954 834 
f 3	1081 1074 973 
f 3	1081 973 981 
f 3	1081 981 1006 
f 3	1081 1006 1074 
f 3	1082 1074 1006 
f 3	1082 1006 1005 
f 3	1082 1005 966 
f 3	1082 966 1074 
f 3	1083 979 993 
f 3	1083 993 982 
f 3	1083 982 972 
f 3	1083 972 979 
f 3	1084 988 995 
f 3	1084 995 975 
f 3	1084 975 960 
f 3	1084 960 988 
f 3	1085 427 967 
f 3	1085 967 966 
f 3	1085 966 1005 
f 3	1085 1005 427 
f 3	1086 994 976 
f 3	1086 976 975 
f 3	1086 975 995 
f 3	1086 995 994 
f 3	1087 981 982 
f 3	1087 982 995 
f 3	1087 995 988 
f 3	1087 988 981 
f 3	1088 998 405 
f 3	1088 405 404 
f 3	1088 404 999 
f 3	1088 999 998 
f 3	1089 1006 981 
f 3	1089 981 988 
f 3	1089 988 987 
f 3	1089 987 1006 
f 3	1090 1009 411 
f 3	1090 411 976 
f 3	1090 976 994 
f 3	1090 994 1009 
f 3	1091 376 386 
f 3	1091 386 385 
f 3	1091 385 392 
f 3	1091 392 376 
f 3	1092 415 1009 
f 3	1092 1009 994 
f 3	1092 994 993 
f 3	1092 993 415 
f 3	1093 1001 425 
f 3	1093 425 428 
f 3	1093 428 856 
f 3	1093 856 1001 
f 3	1094 427 426 
f 3	1094 426 970 
f 3	1094 970 967 
f 3	1094 967 427 
f 3	1095 428 427 
f 3	1095 427 1005 
f 3	1095 1005 991 
f 3	1095 991 428 
f 3	1096 420 437 
f 3	1096 437 780 
f 3	1096 780 417 
f 3	1096 417 420 
f 3	1097 414 441 
f 3	1097 441 1009 
f 3	1097 1009 415 
f 3	1097 415 414 
f 3	1098 432 419 
f 3	1098 419 418 
f 3	1098 418 433 
f 3	1098 433 432 
f 3	1099 652 831 
f 3	1099 831 395 
f 3	1099 395 394 
f 3	1099 394 652 
f 3	1100 683 687 
f 3	1100 687 998 
f 3	1100 998 409 
f 3	1100 409 683 
f 3	1101 970 436 
f 3	1101 436 435 
f 3	1101 435 803 
f 3	1101 803 970 
f 3	1102 406 405 
f 3	1102 405 686 
f 3	1102 686 685 
f 3	1102 685 406 
f 3	1103 683 409 
f 3	1103 409 412 
f 3	1103 412 440 
f 3	1103 440 683 
f 3	1104 780 779 
f 3	1104 779 422 
f 3	1104 422 417 
f 3	1104 417 780 
f 3	1105 435 652 
f 3	1105 652 394 
f 3	1105 394 803 
f 3	1105 803 435 
f 3	1106 426 656 
f 3	1106 656 436 
f 3	1106 436 970 
f 3	1106 970 426 
f 3	1107 684 439 
f 3	1107 439 441 
f 3	1107 441 414 
f 3	1107 414 684 
f 3	1108 130 302 
f 3	1108 302 669 
f 3	1108 669 671 
f 3	1108 671 130 
f 3	1109 199 659 
f 3	1109 659 775 
f 3	1109 775 1024 
f 3	1109 1024 199 
f 3	1110 663 90 
f 3	1110 90 698 
f 3	1110 698 1029 
f 3	1110 1029 671 
f 3	1110 671 664 
f 3	1110 664 663 
f 3	1111 689 310 
f 3	1111 310 309 
f 3	1111 309 674 
f 3	1111 674 689 
f 3	1112 1029 698 
f 3	1112 698 677 
f 3	1112 677 679 
f 3	1112 679 1029 
f 3	1113 305 1024 
f 3	1113 1024 775 
f 3	1113 775 306 
f 3	1113 306 305 
f 3	1114 700 663 
f 3	1114 663 662 
f 3	1114 662 1022 
f 3	1114 1022 700 
f 3	1115 296 141 
f 3	1115 141 290 
f 3	1115 290 1026 
f 3	1115 1026 296 
f 3	1116 130 671 
f 3	1116 671 1029 
f 3	1116 1029 127 
f 3	1116 127 130 
f 3	1117 291 283 
f 3	1117 283 124 
f 3	1117 124 119 
f 3	1117 119 291 
f 3	1118 154 243 
f 3	1118 243 138 
f 3	1118 138 284 
f 3	1118 284 154 
f 3	1120 287 275 
f 3	1120 275 1119 
f 3	1120 1119 281 
f 3	1120 281 287 
f 3	1121 287 288 
f 3	1121 288 276 
f 3	1121 276 275 
f 3	1121 275 287 
f 3	1122 288 125 
f 3	1122 125 124 
f 3	1122 124 276 
f 3	1122 276 288 
f 3	1123 154 122 
f 3	1123 122 178 
f 3	1123 178 243 
f 3	1123 243 154 
f 3	1124 120 123 
f 3	1124 123 155 
f 3	1124 155 140 
f 3	1124 140 120 
f 3	1125 178 180 
f 3	1125 180 244 
f 3	1125 244 243 
f 3	1125 243 178 
f 3	1127 244 180 
f 3	1127 180 1126 
f 3	1127 1126 241 
f 3	1127 241 244 
f 3	1128 1126 183 
f 3	1128 183 165 
f 3	1128 165 241 
f 3	1128 241 1126 
f 3	1129 723 700 
f 3	1129 700 1022 
f 3	1129 1022 226 
f 3	1129 226 723 
f 3	1130 183 182 
f 3	1130 182 164 
f 3	1130 164 165 
f 3	1130 165 183 
f 3	1131 182 190 
f 3	1131 190 235 
f 3	1131 235 164 
f 3	1131 164 182 
f 3	1133 230 1132 
f 3	1133 1132 153 
f 3	1133 153 152 
f 3	1133 152 230 
f 3	1134 174 128 
f 3	1134 128 127 
f 3	1134 127 301 
f 3	1134 301 174 
f 3	1135 230 194 
f 3	1135 194 233 
f 3	1135 233 1132 
f 3	1135 1132 230 
f 3	1136 1126 180 
f 3	1136 180 134 
f 3	1136 134 133 
f 3	1136 133 1126 
f 3	1137 152 176 
f 3	1137 176 229 
f 3	1137 229 230 
f 3	1137 230 152 
f 3	1138 149 183 
f 3	1138 183 1126 
f 3	1138 1126 133 
f 3	1138 133 149 
f 3	1140 1139 233 
f 3	1140 233 232 
f 3	1140 232 712 
f 3	1140 712 1139 
f 3	1141 128 720 
f 3	1141 720 147 
f 3	1141 147 129 
f 3	1141 129 128 
f 3	1143 229 1142 
f 3	1143 1142 1139 
f 3	1143 1139 195 
f 3	1143 195 229 
f 3	1144 193 115 
f 3	1144 115 114 
f 3	1144 114 232 
f 3	1144 232 193 
f 3	1149 1145 1146 
f 3	1149 1146 1147 
f 3	1149 1147 1148 
f 3	1149 1148 1145 
f 3	1154 1150 1151 
f 3	1154 1151 1152 
f 3	1154 1152 1153 
f 3	1154 1153 1150 
f 3	1157 1155 1145 
f 3	1157 1145 1148 
f 3	1157 1148 1156 
f 3	1157 1156 1155 
f 3	1160 1146 1158 
f 3	1160 1158 1159 
f 3	1160 1159 1150 
f 3	1160 1150 1146 
f 3	1164 1161 1162 
f 3	1164 1162 1151 
f 3	1164 1151 1163 
f 3	1164 1163 1161 
f 3	1167 1165 1166 
f 3	1167 1166 1163 
f 3	1167 1163 1159 
f 3	1167 1159 1165 
f 3	1169 1168 1161 
f 3	1169 1161 1163 
f 3	1169 1163 1166 
f 3	1169 1166 1168 
f 3	1170 1171 1172 
f 3	1172 1173 1170 
f 3	1176 1173 1174 
f 3	1176 1174 1175 
f 3	1176 1175 1170 
f 3	1176 1170 1173 
f 3	1177 1165 1178 
f 3	1178 1179 1177 
f 3	1182 1174 1180 
f 3	1182 1180 1181 
f 3	1182 1181 1175 
f 3	1182 1175 1174 
f 3	1184 1177 1183 
f 3	1184 1183 1166 
f 3	1184 1166 1165 
f 3	1184 1165 1177 
f 3	1186 1185 1181 
f 3	1186 1181 1180 
f 3	1186 1180 1168 
f 3	1186 1168 1185 
f 3	1187 1168 1166 
f 3	1187 1166 1183 
f 3	1187 1183 1185 
f 3	1187 1185 1168 
f 3	1190 1188 1145 
f 3	1190 1145 1155 
f 3	1190 1155 1189 
f 3	1190 1189 1188 
f 3	1193 1191 1192 
f 3	1193 1192 1174 
f 3	1193 1174 1173 
f 3	1193 1173 1191 
f 3	145 144 1191 
f 3	1191 708 145 
f 3	1196 1188 1194 
f 3	1196 1194 1195 
f 3	1196 1195 1172 
f 3	1196 1172 1178 
f 3	1196 1178 1158 
f 3	1196 1158 1188 
f 3	1199 1197 1198 
f 3	1199 1198 1189 
f 3	1199 1189 1161 
f 3	1199 1161 1168 
f 3	1199 1168 1180 
f 3	1199 1180 1197 
f 3	1204 1200 1201 
f 3	1204 1201 1202 
f 3	1204 1202 1203 
f 3	1204 1203 1200 
f 3	1205 719 709 
f 3	1205 709 1195 
f 3	1205 1195 1197 
f 3	1205 1197 719 
f 3	1206 1202 1201 
f 3	1201 1207 1206 
f 3	1210 1206 1207 
f 3	1210 1207 1208 
f 3	1210 1208 1209 
f 3	1210 1209 1206 
f 3	1213 1208 1211 
f 3	1213 1211 1212 
f 3	1213 1212 1209 
f 3	1213 1209 1208 
f 3	1214 1189 1198 
f 3	1214 1198 1194 
f 3	1214 1194 1188 
f 3	1214 1188 1189 
f 3	1215 1194 1198 
f 3	1215 1198 1197 
f 3	1215 1197 1195 
f 3	1215 1195 1194 
f 3	1216 1185 1183 
f 3	1216 1183 1177 
f 3	1216 1177 1179 
f 3	1216 1179 1171 
f 3	1216 1171 1170 
f 3	1216 1170 1175 
f 3	1216 1175 1181 
f 3	1216 1181 1185 
f 3	1217 1178 1172 
f 3	1217 1172 1171 
f 3	1217 1171 1179 
f 3	1217 1179 1178 
f 3	1219 1156 1148 
f 3	1219 1148 1147 
f 3	1219 1147 1153 
f 3	1219 1153 1152 
f 3	1219 1152 1218 
f 3	1219 1218 1156 
f 3	1220 1147 1146 
f 3	1220 1146 1150 
f 3	1220 1150 1153 
f 3	1220 1153 1147 
f 3	1221 1162 1218 
f 3	1221 1218 1152 
f 3	1221 1152 1151 
f 3	1221 1151 1162 
f 3	1222 1162 1155 
f 3	1222 1155 1156 
f 3	1222 1156 1218 
f 3	1222 1218 1162 
f 3	1223 1159 1163 
f 3	1223 1163 1151 
f 3	1223 1151 1150 
f 3	1223 1150 1159 
f 3	1224 1158 1178 
f 3	1224 1178 1165 
f 3	1224 1165 1159 
f 3	1224 1159 1158 
f 3	1225 1188 1158 
f 3	1225 1158 1146 
f 3	1225 1146 1145 
f 3	1225 1145 1188 
f 3	1226 1161 1189 
f 3	1226 1189 1155 
f 3	1226 1155 1162 
f 3	1226 1162 1161 
f 3	1227 1172 708 
f 3	1227 708 1191 
f 3	1227 1191 1173 
f 3	1227 1173 1172 
f 3	1229 1228 1180 
f 3	1229 1180 1174 
f 3	1229 1174 1192 
f 3	1229 1192 1228 
f 3	1230 1191 144 
f 3	1230 144 143 
f 3	1230 143 1192 
f 3	1230 1192 1191 
f 3	143 147 1228 
f 3	1228 1192 143 
f 3	1231 711 712 
f 3	1231 712 232 
f 3	1231 232 114 
f 3	1231 114 711 
f 3	1232 1132 233 
f 3	1232 233 1139 
f 3	1232 1139 1142 
f 3	1232 1142 1132 
f 3	1233 1142 157 
f 3	1233 157 153 
f 3	1233 153 1132 
f 3	1233 1132 1142 
f 3	1234 137 125 
f 3	1234 125 284 
f 3	1234 284 138 
f 3	1234 138 137 
f 3	1235 141 140 
f 3	1235 140 291 
f 3	1235 291 290 
f 3	1235 290 141 
f 3	1236 124 283 
f 3	1236 283 277 
f 3	1236 277 276 
f 3	1236 276 124 
f 3	1237 1119 275 
f 3	1237 275 274 
f 3	1237 274 267 
f 3	1237 267 1119 
f 3	1238 277 285 
f 3	1238 285 279 
f 3	1238 279 274 
f 3	1238 274 277 
f 3	1239 253 1119 
f 3	1239 1119 267 
f 3	1239 267 254 
f 3	1239 254 253 
f 3	1240 252 270 
f 3	1240 270 257 
f 3	1240 257 256 
f 3	1240 256 252 
f 3	1241 263 259 
f 3	1241 259 258 
f 3	1241 258 261 
f 3	1241 261 263 
f 3	1242 263 250 
f 3	1242 250 256 
f 3	1242 256 259 
f 3	1242 259 263 
f 3	1243 266 270 
f 3	1243 270 252 
f 3	1243 252 254 
f 3	1243 254 266 
f 3	1244 287 281 
f 3	1244 281 268 
f 3	1244 268 279 
f 3	1244 279 287 
f 3	1245 281 1119 
f 3	1245 1119 253 
f 3	1245 253 272 
f 3	1245 272 281 
f 3	1246 229 176 
f 3	1246 176 157 
f 3	1246 157 1142 
f 3	1246 1142 229 
f 3	1247 113 772 
f 3	1247 772 711 
f 3	1247 711 114 
f 3	1247 114 113 
f 3	1248 712 192 
f 3	1248 192 195 
f 3	1248 195 1139 
f 3	1248 1139 712 
f 3	1249 192 207 
f 3	1249 207 115 
f 3	1249 115 193 
f 3	1249 193 192 
f 3	1250 711 772 
f 3	1250 772 208 
f 3	1250 208 207 
f 3	1250 207 711 
f 3	1251 174 173 
f 3	1251 173 720 
f 3	1251 720 128 
f 3	1251 128 174 
f 3	1252 50 110 
f 3	1252 110 106 
f 3	1252 106 105 
f 3	1252 105 50 
f 3	1254 186 1253 
f 3	1254 1253 210 
f 3	1254 210 187 
f 3	1254 187 186 
f 3	1255 101 107 
f 3	1255 107 79 
f 3	1255 79 78 
f 3	1255 78 101 
f 3	104 725 72 
f 3	72 216 104 
f 3	1256 1228 147 
f 3	1256 147 720 
f 3	1256 720 719 
f 3	1256 719 1228 
f 3	1257 210 1253 
f 3	1257 1253 205 
f 3	1257 205 204 
f 3	1257 204 210 
f 3	1258 78 94 
f 3	1258 94 102 
f 3	1258 102 101 
f 3	1258 101 78 
f 3	1259 50 49 
f 3	1259 49 80 
f 3	1259 80 79 
f 3	1259 79 110 
f 3	1259 110 50 
f 3	1260 81 80 
f 3	1260 80 97 
f 3	1260 97 93 
f 3	1260 93 81 
f 3	1262 73 76 
f 3	1262 76 75 
f 3	1262 75 1261 
f 3	1262 1261 73 
f 3	1263 9 62 
f 3	1263 62 64 
f 3	1263 64 35 
f 3	1263 35 9 
f 3	1264 71 66 
f 3	1264 66 69 
f 3	1264 69 96 
f 3	1264 96 71 
f 3	1266 1265 84 
f 3	1266 84 201 
f 3	1266 201 88 
f 3	1266 88 1265 
f 3	1268 45 44 
f 3	1268 44 60 
f 3	1268 60 59 
f 3	1268 59 1267 
f 3	1268 1267 45 
f 3	1273 1269 1270 
f 3	1273 1270 1271 
f 3	1273 1271 1272 
f 3	1273 1272 1269 
f 3	1276 1269 1272 
f 3	1276 1272 1274 
f 3	1276 1274 1275 
f 3	1276 1275 1269 
f 3	1279 1277 1278 
f 3	1279 1278 1271 
f 3	1279 1271 1270 
f 3	1279 1270 1277 
f 3	1281 1280 1270 
f 3	1281 1270 1269 
f 3	1281 1269 1275 
f 3	1281 1275 1280 
f 3	1285 1282 1283 
f 3	1285 1283 1280 
f 3	1285 1280 1284 
f 3	1285 1284 1282 
f 3	1286 1267 1282 
f 3	1286 1282 1278 
f 3	1286 1278 45 
f 3	1286 45 1267 
f 3	1288 1277 1287 
f 3	1288 1287 45 
f 3	1288 45 1278 
f 3	1288 1278 1277 
f 3	1292 1289 1290 
f 3	1292 1290 1291 
f 3	1292 1291 1267 
f 3	1292 1267 1289 
f 3	1293 727 1265 
f 3	1293 1265 88 
f 3	1293 88 91 
f 3	1293 91 727 
f 3	1294 62 731 
f 3	1294 731 730 
f 3	1294 730 28 
f 3	1294 28 62 
f 3	1295 1296 38 
f 3	1298 38 41 
f 3	1298 41 1297 
f 3	1298 1297 1295 
f 3	1298 1295 38 
f 3	41 1299 1297 
f 3	1303 1300 1301 
f 3	1303 1301 1290 
f 3	1303 1290 1302 
f 3	1303 1302 1300 
f 3	1304 1265 752 
f 3	1304 752 85 
f 3	1304 85 84 
f 3	1304 84 1265 
f 3	1306 9 8 
f 3	1306 8 1305 
f 3	1306 1305 744 
f 3	1306 744 745 
f 3	1306 745 9 
f 3	1309 1300 1302 
f 3	1309 1302 1307 
f 3	1309 1307 1308 
f 3	1309 1308 1300 
f 3	1314 1310 1311 
f 3	1314 1311 1312 
f 3	1314 1312 1313 
f 3	1314 1313 1310 
f 3	1318 1315 1316 
f 3	1318 1316 1317 
f 3	1318 1317 1311 
f 3	1318 1311 1315 
f 3	1322 1319 1320 
f 3	1322 1320 1310 
f 3	1322 1310 1321 
f 3	1322 1321 1319 
f 3	1324 1323 1319 
f 3	1324 1319 1316 
f 3	1324 1316 1308 
f 3	1324 1308 1323 
f 3	1327 1315 1320 
f 3	1327 1320 1325 
f 3	1327 1325 1326 
f 3	1327 1326 1315 
f 3	1328 1326 1295 
f 3	1328 1295 1300 
f 3	1328 1300 1308 
f 3	1328 1308 1326 
f 3	1329 1323 1325 
f 3	1329 1325 1320 
f 3	1329 1320 1319 
f 3	1329 1319 1323 
f 3	1330 1296 1295 
f 3	1330 1295 1326 
f 3	1330 1326 1325 
f 3	1330 1325 1296 
f 3	1334 1331 11 
f 3	1334 11 1332 
f 3	1334 1332 1333 
f 3	1334 1333 1331 
f 3	1335 48 1331 
f 3	1335 1331 54 
f 3	1335 54 53 
f 3	1335 53 48 
f 3	1338 1336 1337 
f 3	1338 1337 1333 
f 3	1338 1333 1323 
f 3	1338 1323 1336 
f 3	1339 742 11 
f 3	1339 11 1331 
f 3	1339 1331 48 
f 3	1339 48 742 
f 3	1341 1332 1340 
f 3	1341 1340 1325 
f 3	1341 1325 1323 
f 3	1341 1323 1333 
f 3	1341 1333 1332 
f 3	1342 1337 54 
f 3	1342 54 1331 
f 3	1342 1331 1333 
f 3	1342 1333 1337 
f 3	1344 1311 1317 
f 3	1344 1317 1343 
f 3	1344 1343 1312 
f 3	1344 1312 1311 
f 3	1346 1345 1313 
f 3	1346 1313 1312 
f 3	1346 1312 1343 
f 3	1346 1343 1345 
f 3	1347 1317 1321 
f 3	1347 1321 1345 
f 3	1347 1345 1343 
f 3	1347 1343 1317 
f 3	1348 1310 1320 
f 3	1348 1320 1315 
f 3	1348 1315 1311 
f 3	1348 1311 1310 
f 3	1349 1345 1321 
f 3	1349 1321 1310 
f 3	1349 1310 1313 
f 3	1349 1313 1345 
f 3	1350 1319 1321 
f 3	1350 1321 1317 
f 3	1350 1317 1316 
f 3	1350 1316 1319 
f 3	1351 1315 1326 
f 3	1351 1326 1308 
f 3	1351 1308 1316 
f 3	1351 1316 1315 
f 3	1307 1323 1308 
f 3	1352 1302 1336 
f 3	1352 1336 1323 
f 3	1352 1323 1307 
f 3	1352 1307 1302 
f 3	1353 738 24 
f 3	1353 24 18 
f 3	1353 18 31 
f 3	1353 31 738 
f 3	1355 1354 1340 
f 3	1355 1340 1332 
f 3	1355 1332 60 
f 3	1355 60 44 
f 3	1355 44 43 
f 3	1355 43 1354 
f 3	1356 31 32 
f 3	1356 32 739 
f 3	1356 739 738 
f 3	1356 738 31 
f 3	1357 739 1 
f 3	1357 1 0 
f 3	1357 0 27 
f 3	1357 27 739 
f 3	1359 763 736 
f 3	1359 736 735 
f 3	1359 735 1358 
f 3	1359 1358 763 
f 3	1360 1305 756 
f 3	1360 756 3 
f 3	1360 3 2 
f 3	1360 2 1305 
f 3	1361 756 7 
f 3	1361 7 6 
f 3	1361 6 758 
f 3	1361 758 757 
f 3	1361 757 756 
f 3	1364 763 1358 
f 3	1364 1358 748 
f 3	1364 748 747 
f 3	1364 747 1362 
f 3	1364 1362 1363 
f 3	1364 1363 763 
f 3	1369 1365 1366 
f 3	1369 1366 1367 
f 3	1369 1367 1368 
f 3	1369 1368 1365 
f 3	1362 747 1370 
f 3	1370 1367 1362 
f 3	1375 1371 1372 
f 3	1375 1372 1373 
f 3	1375 1373 1374 
f 3	1375 1374 1371 
f 3	1376 1371 1374 
f 3	1376 1374 4 
f 3	1376 4 754 
f 3	1376 754 1371 
f 3	1381 1377 1378 
f 3	1381 1378 1379 
f 3	1381 1379 1380 
f 3	1381 1380 1377 
f 3	1384 1378 1382 
f 3	1384 1382 1383 
f 3	1384 1383 1379 
f 3	1384 1379 1378 
f 3	1385 1372 1382 
f 3	1385 1382 1378 
f 3	1385 1378 1373 
f 3	1385 1373 1372 
f 3	1389 1386 1387 
f 3	1389 1387 1388 
f 3	1389 1388 1377 
f 3	1389 1377 1386 
f 3	1390 1387 1386 
f 3	1390 1386 1382 
f 3	1390 1382 1372 
f 3	1390 1372 1387 
f 3	1393 1387 1391 
f 3	1393 1391 1392 
f 3	1393 1392 1388 
f 3	1393 1388 1387 
f 3	1395 3 759 
f 3	1395 759 1394 
f 3	1395 1394 754 
f 3	1395 754 3 
f 3	1396 1394 1391 
f 3	1396 1391 1371 
f 3	1396 1371 754 
f 3	1396 754 1394 
f 3	1399 1397 1365 
f 3	1399 1365 1368 
f 3	1399 1368 1398 
f 3	1399 1398 1397 
f 3	1400 1195 709 
f 3	1400 709 708 
f 3	1400 708 1172 
f 3	1400 1172 1195 
f 3	1401 1200 1203 
f 3	1401 1203 1398 
f 3	1401 1398 1368 
f 3	1401 1368 1200 
f 3	1404 1402 1403 
f 3	1404 1403 1365 
f 3	1404 1365 1397 
f 3	1404 1397 1402 
f 3	1405 1403 1402 
f 3	1405 1402 1212 
f 3	1405 1212 1211 
f 3	1405 1211 1403 
f 3	1408 1200 1370 
f 3	1408 1370 1406 
f 3	1408 1406 1407 
f 3	1408 1407 1200 
f 3	1410 761 1403 
f 3	1410 1403 1409 
f 3	1410 1409 762 
f 3	1410 762 761 
f 3	1414 1411 1412 
f 3	1414 1412 1409 
f 3	1414 1409 1403 
f 3	1414 1403 1211 
f 3	1414 1211 1413 
f 3	1414 1413 1411 
f 3	1419 1415 1416 
f 3	1419 1416 1417 
f 3	1419 1417 1418 
f 3	1419 1418 1415 
f 3	1421 1411 1418 
f 3	1421 1418 1420 
f 3	1421 1420 1412 
f 3	1421 1412 1411 
f 3	1424 1422 1423 
f 3	1424 1423 1411 
f 3	1424 1411 1413 
f 3	1424 1413 1422 
f 3	1427 1425 1422 
f 3	1427 1422 1413 
f 3	1427 1413 1426 
f 3	1427 1426 1425 
f 3	1430 1415 1423 
f 3	1430 1423 1428 
f 3	1430 1428 1429 
f 3	1430 1429 1415 
f 3	1431 1377 1388 
f 3	1431 1388 1373 
f 3	1431 1373 1378 
f 3	1431 1378 1377 
f 3	1433 1383 1432 
f 3	1433 1432 1380 
f 3	1433 1380 1379 
f 3	1433 1379 1383 
f 3	1434 1432 1386 
f 3	1434 1386 1377 
f 3	1434 1377 1380 
f 3	1434 1380 1432 
f 3	1435 1382 1386 
f 3	1435 1386 1432 
f 3	1435 1432 1383 
f 3	1435 1383 1382 
f 3	1436 750 4 
f 3	1436 4 1374 
f 3	1436 1374 1392 
f 3	1436 1392 750 
f 3	1437 1388 1392 
f 3	1437 1392 1374 
f 3	1437 1374 1373 
f 3	1437 1373 1388 
f 3	1438 1363 1362 
f 3	1438 1362 1367 
f 3	1438 1367 1366 
f 3	1438 1366 1363 
f 3	1363 1366 761 
f 3	761 763 1363 
f 3	744 1305 2 
f 3	1439 741 47 
f 3	1439 47 85 
f 3	1439 85 752 
f 3	1439 752 741 
f 3	1440 730 1 
f 3	1440 1 739 
f 3	1440 739 32 
f 3	1440 32 730 
f 3	1441 738 14 
f 3	1441 14 13 
f 3	1441 13 24 
f 3	1441 24 738 
f 3	1442 1325 1340 
f 3	1442 1340 1354 
f 3	1442 1354 39 
f 3	1442 39 1325 
f 3	1443 1284 1274 
f 3	1443 1274 1272 
f 3	1443 1272 1271 
f 3	1443 1271 1284 
f 3	1444 1282 1284 
f 3	1444 1284 1271 
f 3	1444 1271 1278 
f 3	1444 1278 1282 
f 3	1445 1280 1275 
f 3	1445 1275 1274 
f 3	1445 1274 1284 
f 3	1445 1284 1280 
f 3	1446 1280 1283 
f 3	1446 1283 1277 
f 3	1446 1277 1270 
f 3	1446 1270 1280 
f 3	1448 1267 1447 
f 3	1448 1447 1283 
f 3	1448 1283 1282 
f 3	1448 1282 1267 
f 3	1449 1277 1283 
f 3	1449 1283 1447 
f 3	1449 1447 1287 
f 3	1449 1287 1277 
f 3	1451 1450 1289 
f 3	1451 1289 1267 
f 3	1451 1267 59 
f 3	1451 59 1450 
f 3	1452 1297 1299 
f 3	1452 1299 45 
f 3	1452 45 1287 
f 3	1452 1287 1297 
f 3	1267 1291 1447 
f 3	1453 1301 1297 
f 3	1453 1297 1287 
f 3	1453 1287 1447 
f 3	1453 1447 1301 
f 3	1454 1290 1301 
f 3	1454 1301 1447 
f 3	1454 1447 1291 
f 3	1454 1291 1290 
f 3	49 48 71 
f 3	71 96 49 
f 3	1455 68 67 
f 3	1455 67 1261 
f 3	1455 1261 75 
f 3	1455 75 68 
f 3	1456 66 73 
f 3	1456 73 1261 
f 3	1456 1261 67 
f 3	1456 67 66 
f 3	1457 1450 59 
f 3	1457 59 58 
f 3	1457 58 55 
f 3	1457 55 1450 
f 3	1458 1299 41 
f 3	1458 41 40 
f 3	1458 40 45 
f 3	1458 45 1299 
f 3	1459 85 47 
f 3	1459 47 51 
f 3	1459 51 86 
f 3	1459 86 85 
f 3	1460 63 752 
f 3	1460 752 1265 
f 3	1460 1265 727 
f 3	1460 727 723 
f 3	1460 723 63 
f 3	1461 1354 43 
f 3	1461 43 40 
f 3	1461 40 39 
f 3	1461 39 1354 
f 3	1463 35 10 
f 3	1463 10 1462 
f 3	1463 1462 36 
f 3	1463 36 35 
f 3	1464 54 1337 
f 3	1464 1337 1450 
f 3	1464 1450 55 
f 3	1464 55 54 
f 3	1465 0 4 
f 3	1465 4 750 
f 3	1465 750 752 
f 3	1465 752 63 
f 3	1465 63 28 
f 3	1465 28 0 
f 3	1290 1289 1450 
f 3	1466 1450 1337 
f 3	1466 1337 1302 
f 3	1466 1302 1290 
f 3	1466 1290 1450 
f 3	1337 1336 1302 
f 3	1467 9 745 
f 3	1467 745 731 
f 3	1467 731 62 
f 3	1467 62 9 
f 3	1468 1300 1295 
f 3	1468 1295 1297 
f 3	1468 1297 1301 
f 3	1468 1301 1300 
f 3	1469 1296 1325 
f 3	1469 1325 39 
f 3	1469 39 38 
f 3	1469 38 1296 
f 3	36 1462 34 
f 3	1470 205 735 
f 3	1470 735 734 
f 3	1470 734 185 
f 3	1470 185 205 
f 3	1471 1332 11 
f 3	1471 11 10 
f 3	1471 10 60 
f 3	1471 60 1332 
f 3	1472 27 29 
f 3	1472 29 15 
f 3	1472 15 14 
f 3	1472 14 27 
f 3	1473 28 730 
f 3	1473 730 32 
f 3	1473 32 29 
f 3	1473 29 28 
f 3	1474 19 25 
f 3	1474 25 22 
f 3	1474 22 20 
f 3	1474 20 19 
f 3	1475 24 13 
f 3	1475 13 22 
f 3	1475 22 25 
f 3	1475 25 24 
f 3	1476 18 16 
f 3	1476 16 15 
f 3	1476 15 31 
f 3	1476 31 18 
f 3	1477 185 734 
f 3	1477 734 748 
f 3	1477 748 186 
f 3	1477 186 185 
f 3	1478 34 1462 
f 3	1478 1462 10 
f 3	1478 10 9 
f 3	1478 9 34 
f 3	1479 1358 735 
f 3	1479 735 205 
f 3	1479 205 1253 
f 3	1479 1253 1358 
f 3	1480 1358 1253 
f 3	1480 1253 186 
f 3	1480 186 748 
f 3	1480 748 1358 
f 3	1481 756 1305 
f 3	1481 1305 8 
f 3	1481 8 7 
f 3	1481 7 756 
f 3	1482 762 1406 
f 3	1482 1406 733 
f 3	1482 733 736 
f 3	1482 736 762 
f 3	1483 1406 1370 
f 3	1483 1370 747 
f 3	1483 747 733 
f 3	1483 733 1406 
f 3	1484 1485 1486 
f 3	1487 6 11 
f 3	1487 11 1485 
f 3	1487 1485 1484 
f 3	1487 1484 6 
f 3	1488 1394 759 
f 3	1488 759 751 
f 3	1488 751 750 
f 3	1488 750 1394 
f 3	1489 1392 1391 
f 3	1489 1391 1394 
f 3	1489 1394 750 
f 3	1489 750 1392 
f 3	1490 758 6 
f 3	1490 6 751 
f 3	1490 751 759 
f 3	1490 759 758 
f 3	1491 1387 1372 
f 3	1491 1372 1371 
f 3	1491 1371 1391 
f 3	1491 1391 1387 
f 3	1492 1368 1367 
f 3	1492 1367 1370 
f 3	1492 1370 1200 
f 3	1492 1200 1368 
f 3	1493 1403 761 
f 3	1493 761 1366 
f 3	1493 1366 1365 
f 3	1493 1365 1403 
f 3	1494 1212 1402 
f 3	1494 1402 1397 
f 3	1494 1397 1398 
f 3	1494 1398 1203 
f 3	1494 1203 1202 
f 3	1494 1202 1206 
f 3	1494 1206 1209 
f 3	1494 1209 1212 
f 3	1495 719 1197 
f 3	1495 1197 1180 
f 3	1495 1180 1228 
f 3	1495 1228 719 
f 3	1497 1426 1208 
f 3	1497 1208 1207 
f 3	1497 1207 1496 
f 3	1497 1496 1426 
f 3	1498 762 1409 
f 3	1498 1409 1407 
f 3	1498 1407 1406 
f 3	1498 1406 762 
f 3	1499 1417 1496 
f 3	1499 1496 1207 
f 3	1499 1207 1201 
f 3	1499 1201 1417 
f 3	1500 1420 1418 
f 3	1500 1418 1417 
f 3	1500 1417 1201 
f 3	1500 1201 1200 
f 3	1500 1200 1407 
f 3	1500 1407 1420 
f 3	1501 1412 1420 
f 3	1501 1420 1407 
f 3	1501 1407 1409 
f 3	1501 1409 1412 
f 3	1502 1426 1413 
f 3	1502 1413 1211 
f 3	1502 1211 1208 
f 3	1502 1208 1426 
f 3	1503 1415 1418 
f 3	1503 1418 1411 
f 3	1503 1411 1423 
f 3	1503 1423 1415 
f 3	1505 1417 1416 
f 3	1505 1416 1504 
f 3	1505 1504 1496 
f 3	1505 1496 1417 
f 3	1506 1426 1496 
f 3	1506 1496 1504 
f 3	1506 1504 1425 
f 3	1506 1425 1426 
f 3	1511 1428 1507 
f 3	1511 1507 1508 
f 3	1511 1508 1509 
f 3	1511 1509 1510 
f 3	1511 1510 1429 
f 3	1511 1429 1428 
f 3	1512 1425 1504 
f 3	1512 1504 1509 
f 3	1512 1509 1508 
f 3	1512 1508 1425 
f 3	1513 1415 1429 
f 3	1513 1429 1510 
f 3	1513 1510 1416 
f 3	1513 1416 1415 
f 3	1514 1428 1423 
f 3	1514 1423 1422 
f 3	1514 1422 1507 
f 3	1514 1507 1428 
f 3	1515 1504 1416 
f 3	1515 1416 1510 
f 3	1515 1510 1509 
f 3	1515 1509 1504 
f 3	1516 1508 1507 
f 3	1516 1507 1422 
f 3	1516 1422 1425 
f 3	1516 1425 1508 
f 3	1517 742 1486 
f 3	1517 1486 1485 
f 3	1517 1485 11 
f 3	1517 11 742 
f 3	1518 1486 742 
f 3	1518 1484 1486 
f 3	1518 6 1484 
f 3	1518 742 6


