v       -79.471000 -35.337200 26.776400 
v       -76.397400 -21.810600 27.967200 
v       -78.628400 -24.557800 21.054900 
v       -75.095600 -53.521900 27.980800 
v       -77.670400 -46.678400 20.374000 
v       -68.428900 -65.758900 21.956900 
v       -16.266800 -155.640000 75.604400 
v       -17.606300 -122.585000 77.815800 
v       -4.398160 -136.517000 73.074300 
v       -2.393720 -126.303000 69.507100 
v       -6.577790 -115.623000 64.366000 
v       10.227200 -122.637000 61.733300 
v       -33.542900 -161.507000 189.883000 
v       -25.631100 -170.246000 188.581000 
v       -28.579700 -169.401000 192.789000 
v       -29.731000 -171.654000 198.488000 
v       -35.623200 -163.001000 192.868000 
v       -29.675600 -173.147000 194.393000 
v       -37.604400 -157.529000 187.411000 
v       -32.366000 -163.251000 183.487000 
v       -39.099400 -162.725000 172.542000 
v       80.236100 -17.698500 37.200400 
v       67.998800 -22.748600 52.707300 
v       79.408100 -33.825200 43.199500 
v       83.254900 -92.520100 150.490000 
v       82.263700 -94.654800 155.040000 
v       78.069300 -98.569300 148.953000 
v       -63.508600 -72.658100 240.012000 
v       -59.822600 -102.412000 244.248000 
v       -58.585500 -92.093600 257.232000 
v       2.305940 -35.810100 295.423000 
v       23.485700 -51.686600 302.350000 
v       24.136200 -33.207200 294.372000 
v       7.637040 3.252780 80.224300 
v       16.104100 -2.124110 98.819800 
v       24.341000 0.725281 82.948800 
v       5.169330 15.010500 52.162800 
v       -8.456070 6.268100 66.908600 
v       -62.976100 -52.770700 210.007000 
v       -55.115900 -36.866300 191.926000 
v       -58.932500 -59.773000 181.361000 
v       -7.001110 2.213500 188.828000 
v       -6.050090 7.642240 207.928000 
v       11.493700 7.145020 196.966000 
v       2.928540 9.546140 219.250000 
v       18.068400 9.290590 215.706000 
v       31.004300 3.671420 196.888000 
v       -20.536700 -0.060669 198.686000 
v       6.028470 -0.020416 176.183000 
v       -18.838700 3.459500 218.191000 
v       16.291700 8.418880 231.918000 
v       -2.780980 7.865780 231.432000 
v       33.502400 5.569610 224.156000 
v       8.206800 4.734680 250.355000 
v       25.818000 -3.241000 172.222000 
v       -20.508800 1.053280 234.327000 
v       -10.476100 1.730010 248.230000 
v       49.014300 -2.879180 205.845000 
v       18.019600 -5.924350 159.226000 
v       -0.123245 -5.888030 159.691000 
v       -36.223600 -8.089630 205.693000 
v       -23.354300 -13.957000 157.456000 
v       -12.871600 -7.953890 164.413000 
v       31.448400 3.031680 244.105000 
v       -32.969900 -5.956090 233.578000 
v       44.488400 0.881104 232.023000 
v       -26.091400 -6.414610 250.529000 
v       34.438200 -10.428100 157.061000 
v       -6.417400 -8.671910 143.380000 
v       11.704000 -6.969150 142.163000 
v       -35.744300 -21.702500 163.014000 
v       69.770200 -18.615900 214.050000 
v       59.771700 -8.829560 227.704000 
v       -0.376434 -2.982450 265.978000 
v       22.902300 -6.162480 270.612000 
v       -4.166490 -7.907380 129.451000 
v       -45.066600 -16.047100 223.312000 
v       47.426300 -13.813000 168.325000 
v       61.673600 -16.281200 191.839000 
v       51.982800 -5.573850 248.078000 
v       29.644200 -10.749900 138.010000 
v       11.032200 -16.796900 282.721000 
v       -48.209900 -22.174700 201.031000 
v       33.434200 -2.828160 260.175000 
v       -19.622300 -10.579700 266.798000 
v       -8.314040 -18.536600 281.233000 
v       18.935400 -5.893430 116.969000 
v       -39.853900 -13.711900 242.679000 
v       72.753000 -28.639500 194.583000 
v       60.753800 -28.927900 162.921000 
v       -56.344600 -32.255200 216.978000 
v       79.717400 -32.891900 214.518000 
v       44.432800 -18.552500 140.076000 
v       -29.743300 -20.416900 139.798000 
v       38.267100 -12.398800 113.556000 
v       -52.068900 -27.791400 235.652000 
v       -35.174800 -19.108100 262.104000 
v       -18.571300 -12.697300 128.009000 
v       44.543800 -13.945400 271.494000 
v       -2.658490 -4.396670 103.534000 
v       66.729000 -16.588100 238.638000 
v       31.870200 -20.591400 284.080000 
v       -46.586400 -27.246900 254.897000 
v       -28.056100 -17.764100 118.804000 
v       -21.324100 -9.535740 101.613000 
v       68.702000 -23.298000 252.423000 
v       76.775900 -28.422100 236.601000 
v       -38.829400 -32.066000 141.279000 
v       87.088800 -53.937000 215.169000 
v       82.868900 -47.826200 193.718000 
v       76.690900 -45.828400 178.042000 
v       59.889400 -21.816200 265.338000 
v       -61.886500 -50.258700 236.600000 
v       -28.643000 -27.483400 277.130000 
v       86.591200 -68.180500 190.337000 
v       66.479600 -44.193800 152.728000 
v       -48.713700 -42.572200 165.320000 
v       -55.965100 -43.445100 248.903000 
v       -37.268100 -29.352200 119.669000 
v       -13.725000 -38.029700 292.858000 
v       84.192900 -43.145200 230.785000 
v       57.347900 -31.866600 140.444000 
v       70.288300 -35.761400 266.305000 
v       54.596200 -35.978900 284.374000 
v       55.138200 -29.559000 115.087000 
v       34.163000 -6.845730 97.818000 
v       -63.771700 -72.269500 220.343000 
v       -62.777300 -73.937300 196.580000 
v       -39.087300 -34.993200 273.192000 
v       -14.707900 -1.698490 83.418700 
v       48.866500 -19.539600 98.439700 
v       -60.989000 -63.950500 187.884000 
v       -63.655400 -69.847300 193.154000 
v       -69.771500 -59.273700 187.535000 
v       -70.495500 -64.874600 192.956000 
v       -34.471400 -18.976100 97.666100 
v       -30.267200 -10.328100 85.502400 
v       39.607500 -5.957310 82.664700 
v       -63.219300 -77.728100 194.759000 
v       -70.258900 -72.561400 195.355000 
v       -74.457800 -63.552200 189.189000 
v       -66.700000 -57.617800 181.446000 
v       -72.056700 -57.296000 180.396000 
v       -59.929500 -61.459500 177.762000 
v       -55.948200 -61.062300 171.655000 
v       -50.385100 -49.455300 265.874000 
v       -0.362000 -57.491800 303.305000 
v       79.595700 -40.718100 251.228000 
v       36.054600 -41.428600 296.355000 
v       22.336600 8.294800 63.294400 
v       -74.498100 -63.370400 182.306000 
v       -53.126000 -66.831700 161.459000 
v       -47.180100 -51.043800 152.557000 
v       84.850300 -62.900300 184.284000 
v       64.166900 -44.722000 133.955000 
v       -70.924100 -83.795600 193.927000 
v       -61.106100 -91.919300 199.177000 
v       -75.324500 -70.819400 192.652000 
v       -70.532100 -68.798600 186.452000 
v       -69.698300 -65.421100 179.100000 
v       -72.866600 -60.723200 170.834000 
v       -67.362300 -55.463500 171.045000 
v       -58.289100 -65.297700 254.204000 
v       -57.784100 -64.180500 168.025000 
v       -28.026600 -43.311400 287.303000 
v       -18.035200 -55.361400 297.475000 
v       96.559700 -69.612900 192.490000 
v       95.109100 -62.826700 188.674000 
v       82.763000 -61.711900 176.532000 
v       78.500100 -64.089400 164.766000 
v       72.365400 -57.245200 154.797000 
v       70.329100 -60.191200 142.871000 
v       62.788700 -45.757300 281.909000 
v       34.711100 0.575958 71.023600 
v       -74.381700 -79.348900 192.604000 
v       -71.636300 -77.360600 187.977000 
v       -68.489000 -65.945500 168.521000 
v       -61.636100 -60.080000 164.575000 
v       -66.521200 -58.311700 162.622000 
v       -55.056400 -71.295500 157.939000 
v       87.229400 -78.323700 194.113000 
v       96.238500 -76.642100 194.222000 
v       95.056500 -57.887500 180.928000 
v       80.421100 -65.760300 164.261000 
v       89.190300 -59.463200 160.079000 
v       87.920700 -63.737900 235.877000 
v       83.553400 -54.155000 249.724000 
v       43.151100 -58.241300 299.616000 
v       -68.463300 -89.910200 188.929000 
v       -62.734200 -87.627400 192.205000 
v       -62.367700 -93.430300 185.994000 
v       -74.546200 -72.353300 177.965000 
v       -72.513700 -77.146800 172.302000 
v       -73.896700 -70.495600 169.924000 
v       -69.205700 -66.506900 157.028000 
v       -63.830700 -63.870100 154.201000 
v       -50.385600 -75.489800 151.108000 
v       -44.129900 -41.101600 103.474000 
v       -43.606200 -45.690200 129.986000 
v       -39.784400 -48.338700 279.455000 
v       -43.430900 -62.219400 280.276000 
v       -42.820400 -31.559300 92.080600 
v       -39.890800 -8.629460 62.621400 
v       -42.213000 -20.135400 75.611300 
v       -24.353600 0.179749 67.764700 
v       -18.568600 -72.987700 299.936000 
v       92.133000 -81.625200 194.575000 
v       86.375100 -88.478600 191.476000 
v       95.121900 -85.229400 192.398000 
v       98.593700 -74.210900 189.991000 
v       98.897000 -63.777200 184.987000 
v       75.867400 -50.025400 268.367000 
v       58.886100 -34.054500 88.985900 
v       47.502700 -2.813140 59.078000 
v       18.740800 -75.029200 306.082000 
v       -0.945099 -88.565800 304.842000 
v       -66.003900 -90.631100 181.389000 
v       -62.447400 -83.498700 183.847000 
v       -66.052000 -80.638400 181.158000 
v       -68.362200 -72.053500 155.928000 
v       -32.150400 -59.430200 290.363000 
v       90.586900 -91.827400 185.234000 
v       94.853700 -70.098500 184.369000 
v       93.203800 -76.655000 185.592000 
v       95.136100 -65.141400 176.781000 
v       97.684300 -70.910000 174.325000 
v       95.819300 -60.375000 165.040000 
v       98.566700 -61.046000 178.175000 
v       93.830800 -56.739900 173.156000 
v       80.646800 -63.743900 263.838000 
v       54.518200 -20.273600 76.454200 
v       25.511500 18.195200 41.852100 
v       -61.246300 -95.508600 179.623000 
v       -60.897200 -83.946500 174.998000 
v       -63.893800 -82.999700 176.532000 
v       -72.331100 -75.575600 163.814000 
v       -51.763000 -84.564100 145.895000 
v       -46.238800 -64.360200 121.150000 
v       -11.896600 14.647200 48.132900 
v       92.233400 -87.042700 186.282000 
v       85.219500 -81.241700 182.909000 
v       96.492600 -79.356900 188.926000 
v       73.321300 -70.101500 149.893000 
v       64.887100 -48.871700 116.633000 
v       57.964400 -60.202700 290.775000 
v       30.135400 -70.589100 304.091000 
v       41.729400 10.174300 45.374900 
v       -59.427100 -77.745300 143.873000 
v       -47.248400 -78.703500 135.436000 
v       -37.063700 -82.769300 289.264000 
v       82.858200 -85.080500 180.925000 
v       96.794800 -67.881000 166.433000 
v       92.853200 -68.970600 157.825000 
v       92.664300 -65.314700 155.264000 
v       86.939800 -66.132000 150.868000 
v       79.348300 -73.683100 152.827000 
v       75.640000 -78.456700 147.772000 
v       69.120700 -83.434500 139.261000 
v       -61.069600 -90.137900 171.429000 
v       -61.126900 -79.181400 169.447000 
v       -65.147900 -78.504700 145.452000 
v       -52.357000 -76.547600 270.446000 
v       83.886500 -97.176200 173.204000 
v       86.990200 -89.332400 174.193000 
v       89.549800 -89.902200 178.632000 
v       84.935800 -96.026200 182.201000 
v       91.203100 -77.152600 173.637000 
v       82.078000 -84.014500 175.545000 
v       96.182400 -72.959100 166.419000 
v       84.772200 -75.582300 143.277000 
v       76.876300 -86.274700 141.455000 
v       70.720100 -65.268600 280.258000 
v       12.729400 -112.326000 302.785000 
v       -62.154000 -89.801500 163.382000 
v       -57.872500 -85.815700 164.215000 
v       -66.777600 -80.219700 155.753000 
v       -53.795500 -94.377300 140.708000 
v       -32.419200 5.902710 47.405800 
v       85.441000 -100.964000 198.621000 
v       84.045400 -86.122100 250.847000 
v       84.950300 -130.418000 184.802000 
v       80.516400 -132.747000 229.945000 
v       85.527100 -113.730000 180.582000 
v       82.262500 -75.536300 167.836000 
v       91.952600 -76.042900 156.530000 
v       94.721000 -72.949800 159.584000 
v       89.636200 -75.422000 145.982000 
v       64.367300 -50.544500 86.400500 
v       67.585100 -64.459000 111.170000 
v       63.404700 -2.593410 40.759700 
v       57.967600 -15.849300 61.877200 
v       -56.858400 -129.588000 178.966000 
v       -57.535100 -82.033600 166.785000 
v       -59.931200 -95.064700 157.151000 
v       -57.592400 -84.895800 158.224000 
v       -59.305200 -79.975900 161.569000 
v       -46.988700 -0.795837 41.324800 
v       85.396100 -91.822600 168.979000 
v       81.038400 -86.250000 168.032000 
v       85.774600 -86.812100 162.774000 
v       80.095900 -81.682900 167.908000 
v       77.921500 -87.983300 269.408000 
v       48.189700 -77.580200 298.064000 
v       34.984800 -99.728100 301.670000 
v       -56.639300 -99.534800 158.205000 
v       -65.004300 -90.695900 154.754000 
v       -64.960000 -86.781500 142.479000 
v       -64.834500 -82.905600 148.147000 
v       -59.197600 -85.981500 139.658000 
v       -47.465300 -103.107000 277.117000 
v       -50.801600 -36.831400 66.951800 
v       -21.647400 -101.429000 297.679000 
v       -24.412500 20.850400 28.732800 
v       -3.029220 25.570200 29.487400 
v       83.646000 -77.151600 160.604000 
v       76.360800 -82.306600 163.557000 
v       78.685000 -81.070800 157.139000 
v       89.306600 -80.851800 154.292000 
v       84.416100 -83.960300 138.459000 
v       71.897300 -89.130400 140.653000 
v       65.808900 -79.294000 285.609000 
v       -54.580000 -134.071000 209.199000 
v       -60.151200 -94.985400 148.959000 
v       -61.553100 -93.148200 139.802000 
v       -49.067300 -45.799900 75.599000 
v       -51.156200 -25.031900 59.913600 
v       -55.762800 -12.584400 44.251100 
v       86.008700 -89.430300 160.476000 
v       80.712500 -87.559000 153.862000 
v       87.620100 -83.659000 142.930000 
v       77.828200 -92.605000 138.134000 
v       67.592100 -89.586700 133.298000 
v       65.270900 -95.117400 113.271000 
v       66.962000 -81.386300 125.707000 
v       62.361500 -33.811100 71.627400 
v       -62.099200 -94.236700 145.081000 
v       -55.096600 -99.695100 145.581000 
v       -47.536600 -56.885000 89.299000 
v       79.167600 -112.958000 255.034000 
v       77.895400 -87.489300 155.180000 
v       87.619200 -89.172800 152.878000 
v       84.288500 -91.440300 138.891000 
v       75.046300 -98.331100 141.285000 
v       66.367500 -73.404100 95.006500 
v       66.651200 -53.574400 71.946500 
v       -43.364200 -85.298800 118.332000 
v       -34.332000 -111.123000 288.380000 
v       -3.932080 -118.626000 300.452000 
v       -46.182600 -70.775100 100.529000 
v       -48.409300 -60.454900 74.382600 
v       -57.236900 2.516750 27.930100 
v       -41.410000 12.263900 29.129300 
v       -14.246200 24.790300 21.457400 
v       21.474700 27.662900 23.862600 
v       3.882870 -134.804000 296.562000 
v       81.608500 -139.004000 171.339000 
v       84.433100 -125.552000 169.891000 
v       59.862500 -117.156000 285.960000 
v       44.962200 21.347600 27.655400 
v       23.634700 -128.665000 298.145000 
v       -51.839500 -117.747000 128.724000 
v       -47.937700 -112.407000 110.740000 
v       -51.835000 -49.706700 63.227900 
v       -69.816500 -8.317930 25.947000 
v       76.563700 -119.204000 137.739000 
v       73.114400 -121.110000 269.362000 
v       72.504000 -109.754000 115.281000 
v       62.700400 -88.400800 105.263000 
v       66.228700 -65.574300 77.198500 
v       69.863000 -94.611600 279.314000 
v       49.345900 19.485300 20.226400 
v       -50.104400 -147.461000 175.281000 
v       -50.093400 -148.253000 198.242000 
v       -50.853600 -146.015000 226.042000 
v       -55.356900 -128.585000 239.518000 
v       -52.747200 -121.018000 262.263000 
v       -50.491200 -65.809400 57.588000 
v       -58.127600 -39.866900 50.107200 
v       -21.189700 -133.812000 290.756000 
v       -40.581700 14.798000 21.022900 
v       79.777400 -146.787000 188.285000 
v       76.304800 -150.682000 211.383000 
v       72.661300 -156.461000 197.475000 
v       76.000000 -135.301000 250.224000 
v       70.060700 -53.389800 60.075300 
v       69.024300 -39.512700 59.814600 
v       67.723600 10.294600 25.715500 
v       -47.910300 -147.918000 248.643000 
v       -40.112200 -90.936500 106.328000 
v       -38.776100 -101.965000 103.189000 
v       -45.726000 -75.286500 71.677600 
v       71.892100 -157.881000 181.068000 
v       84.764800 -3.695560 18.344100 
v       -43.875400 -154.535000 190.803000 
v       -39.901800 -169.675000 205.751000 
v       -42.539400 -161.082000 216.427000 
v       -55.291700 -127.581000 156.561000 
v       -49.086000 -142.137000 148.349000 
v       -32.172300 -102.265000 90.442700 
v       -56.109000 -56.720200 48.966300 
v       -68.107900 -7.033660 21.936000 
v       63.051300 -174.423000 203.649000 
v       66.666500 -160.655000 190.536000 
v       72.584600 -154.482000 240.754000 
v       75.761400 -133.727000 145.212000 
v       57.069200 -96.767800 93.000300 
v       63.135700 -79.575600 74.577000 
v       61.172600 -86.169900 91.980100 
v       78.487300 -51.030300 43.995800 
v       39.807200 -131.893000 292.820000 
v       19.490800 -143.706000 292.723000 
v       -39.949000 -165.287000 236.064000 
v       -39.728000 -135.493000 276.971000 
v       -43.640800 -137.358000 122.167000 
v       -42.244700 -84.762000 96.989700 
v       -33.688300 -96.215400 82.610600 
v       59.455600 -141.867000 276.119000 
v       95.576700 -16.400900 26.173900 
v       44.156600 -108.474000 296.496000 
v       84.395800 -4.258730 26.861900 
v       33.714100 -153.578000 284.586000 
v       -45.703000 -137.696000 265.515000 
v       -35.765700 -156.904000 263.922000 
v       -38.350300 -90.756100 68.375300 
v       -2.387850 -149.357000 288.862000 
v       59.568300 -171.103000 193.806000 
v       63.748600 -171.271000 213.371000 
v       62.100100 -164.850000 183.562000 
v       66.829000 -116.456000 99.968700 
v       70.117900 -123.482000 105.776000 
v       67.505500 -68.518700 62.146700 
v       -41.195700 -128.121000 96.513500 
v       -39.435800 -117.877000 94.750500 
v       -29.924200 -111.710000 88.437700 
v       -43.938800 -83.396600 50.510800 
v       -64.609100 -56.536100 36.695500 
v       -24.799600 -150.584000 279.637000 
v       59.797000 -166.575000 190.989000 
v       -34.011500 -171.956000 218.582000 
v       -52.435700 -73.595300 40.121200 
v       -69.461400 -39.262300 36.571100 
v       -60.845000 -25.207400 45.264200 
v       16.341100 -163.334000 279.681000 
v       68.236700 -164.920000 226.344000 
v       71.712200 -156.831000 160.928000 
v       65.799600 -146.074000 128.302000 
v       47.020300 -102.001000 75.564900 
v       62.083500 -81.092900 57.236400 
v       73.586100 -66.912300 44.655300 
v       97.571200 -21.866900 22.274600 
v       -44.803300 -156.856000 160.459000 
v       -36.403900 -143.866000 102.094000 
v       -7.658890 -162.101000 277.405000 
v       54.931600 -178.100000 195.259000 
v       57.684600 -175.269000 198.575000 
v       53.951400 -178.106000 201.277000 
v       56.671100 -181.478000 208.922000 
v       63.984300 -166.998000 164.794000 
v       65.708500 -148.517000 262.965000 
v       59.089700 -110.779000 94.257600 
v       52.797000 -92.690600 62.096900 
v       -31.687000 -178.959000 207.443000 
v       -24.437200 -175.466000 200.206000 
v       -20.810400 -177.864000 196.970000 
v       -31.872700 -165.782000 186.280000 
v       -32.709800 -98.192200 37.799100 
v       47.990800 -181.215000 197.180000 
v       53.390800 -174.587000 193.927000 
v       56.530100 -171.187000 186.335000 
v       54.878400 -170.135000 179.632000 
v       59.001800 -172.139000 239.939000 
v       61.450600 -162.599000 253.620000 
v       65.212100 -138.034000 105.746000 
v       64.073900 -131.362000 94.039900 
v       43.390800 -115.773000 77.728700 
v       89.894400 -42.583800 33.874300 
v       99.804500 -37.657400 30.576100 
v       -16.256300 -176.130000 201.263000 
v       -17.436700 -183.139000 204.946000 
v       -24.958900 -173.112000 194.568000 
v       -17.531800 -175.266000 196.966000 
v       -14.145800 -177.404000 197.117000 
v       -25.052700 -172.559000 185.833000 
v       -26.827500 -168.003000 180.917000 
v       44.748800 -180.060000 201.892000 
v       38.936200 -179.578000 197.644000 
v       46.485400 -177.245000 195.676000 
v       53.655100 -179.427000 220.169000 
v       51.563400 -174.620000 189.492000 
v       51.207200 -174.314000 184.305000 
v       55.017000 -120.987000 86.671800 
v       65.678000 -81.552600 41.101800 
v       -18.065600 -173.423000 188.229000 
v       -18.421500 -170.827000 179.358000 
v       -23.058300 -180.736000 222.159000 
v       -29.957400 -172.470000 159.236000 
v       -31.602300 -156.152000 120.397000 
v       1.902650 -174.505000 266.162000 
v       49.483700 -183.545000 205.928000 
v       39.140800 -175.519000 195.207000 
v       42.471600 -189.187000 210.074000 
v       56.862400 -89.444900 45.077300 
v       -9.421800 -184.099000 204.128000 
v       -4.022160 -169.853000 191.562000 
v       -10.059900 -172.914000 186.966000 
v       -17.803200 -174.648000 187.098000 
v       -25.935700 -173.517000 248.797000 
v       -16.979200 -171.449000 262.821000 
v       -31.897000 -131.922000 85.718200 
v       -24.106000 -104.600000 76.490900 
v       -27.997300 -100.392000 67.585800 
v       43.046900 -186.417000 205.852000 
v       43.922000 -175.545000 189.859000 
v       44.564000 -176.440000 187.637000 
v       46.911700 -172.322000 179.637000 
v       61.972900 -165.393000 148.600000 
v       59.064400 -158.318000 131.012000 
v       94.539300 -56.645300 22.695800 
v       99.306900 -37.305300 21.645800 
v       -3.291960 -185.056000 202.286000 
v       -1.491130 -177.110000 199.322000 
v       -7.417270 -188.935000 208.670000 
v       -21.831800 -185.440000 209.535000 
v       -4.101810 -172.019000 192.174000 
v       1.001590 -172.325000 195.229000 
v       -4.369610 -171.435000 197.746000 
v       -3.922130 -169.162000 195.004000 
v       -11.719000 -171.636000 179.731000 
v       -43.485800 -89.442900 31.964800 
v       -57.977500 -77.263600 28.389300 
v       39.494500 -178.762000 197.874000 
v       33.833100 -174.097000 198.952000 
v       33.515900 -185.405000 229.618000 
v       30.548600 -173.047000 189.836000 
v       37.166300 -172.993000 182.240000 
v       50.398500 -160.334000 270.173000 
v       43.291300 -101.752000 50.859100 
v       25.500600 -178.047000 260.560000 
v       35.130300 -167.370000 271.104000 
v       3.586290 -183.374000 195.804000 
v       -2.222370 -171.263000 184.290000 
v       33.320400 -186.074000 204.348000 
v       31.296600 -173.251000 193.404000 
v       33.303200 -171.171000 192.250000 
v       49.205600 -175.730000 158.095000 
v       50.823500 -164.840000 127.598000 
v       53.176700 -150.027000 87.316700 
v       59.940700 -149.875000 109.727000 
v       63.768900 -90.397800 29.621900 
v       84.048100 -70.922000 26.956000 
v       76.169300 -79.990100 21.533100 
v       4.267780 -176.066000 193.108000 
v       3.428920 -173.623000 189.009000 
v       -8.826290 -175.218000 174.122000 
v       -28.134300 -144.092000 82.589600 
v       6.952260 -183.176000 249.367000 
v       21.433500 -187.799000 199.619000 
v       30.218600 -188.854000 206.203000 
v       24.791500 -177.787000 195.951000 
v       27.527300 -173.620000 196.775000 
v       26.779100 -184.097000 199.913000 
v       25.679000 -173.712000 191.539000 
v       37.451400 -179.545000 158.452000 
v       40.488300 -174.680000 136.758000 
v       48.437900 -143.139000 79.940700 
v       37.430400 -131.349000 75.101100 
v       33.600800 -120.214000 69.606400 
v       44.770300 -173.295000 256.905000 
v       0.356506 -178.152000 180.682000 
v       -19.254300 -169.972000 130.422000 
v       -8.732670 -180.425000 150.881000 
v       22.221000 -183.507000 194.128000 
v       30.131100 -173.026000 185.629000 
v       24.111500 -179.274000 187.056000 
v       28.478500 -183.936000 163.605000 
v       47.198100 -163.380000 95.255200 
v       44.060100 -169.911000 116.678000 
v       46.624900 -101.417000 34.244000 
v       19.860700 -191.295000 210.564000 
v       9.455660 -187.697000 198.436000 
v       -7.023470 -188.307000 217.364000 
v       5.665120 -183.354000 187.947000 
v       -11.034200 -179.444000 250.329000 
v       -39.258000 -95.778000 22.182600 
v       23.255900 -186.052000 174.613000 
v       34.153300 -112.546000 61.394300 
v       8.744110 -186.827000 192.522000 
v       -5.634520 -181.241000 165.506000 
v       18.357500 -190.337000 187.987000 
v       54.012800 -99.390000 22.348000 
v       16.717400 -188.073000 192.826000 
v       -19.104400 -162.115000 83.071400 
v       -20.805900 -106.468000 22.147600 
v       11.703800 -197.136000 181.198000 
v       7.407940 -200.243000 173.179000 
v       9.553860 -186.408000 226.503000 
v       1.536290 -186.420000 169.116000 
v       -2.916200 -184.587000 157.603000 
v       40.549300 -176.708000 120.273000 
v       42.616400 -180.247000 240.884000 
v       -9.129970 -184.145000 230.574000 
v       -16.532600 -171.964000 117.918000 
v       -10.455600 -176.502000 114.940000 
v       -7.801800 -175.025000 118.325000 
v       -8.512660 -182.041000 121.396000 
v       -15.855500 -107.317000 55.306600 
v       -2.427170 -111.716000 42.181400 
v       29.552700 -184.944000 154.066000 
v       32.945500 -168.624000 73.760700 
v       6.140660 -195.043000 132.149000 
v       -0.943192 -189.280000 121.999000 
v       37.168000 -175.398000 119.430000 
v       22.664500 -127.551000 68.338900 
v       23.488000 -119.826000 59.551600 
v       34.440900 -108.158000 39.492900 
v       -2.649810 -184.181000 147.079000 
v       0.220627 -185.367000 119.169000 
v       11.695600 -131.190000 68.847700 
v       20.079300 -197.228000 172.072000 
v       14.624000 -207.004000 167.115000 
v       31.900900 -191.806000 147.855000 
v       28.781400 -185.119000 146.406000 
v       27.949500 -185.434000 119.896000 
v       38.086000 -176.870000 112.454000 
v       32.946300 -176.807000 99.410100 
v       41.498200 -166.013000 82.995100 
v       31.531700 -155.074000 72.352100 
v       -5.438960 -192.673000 147.811000 
v       -2.597670 -192.305000 144.825000 
v       3.741030 -188.644000 142.326000 
v       6.207870 -188.108000 151.467000 
v       -21.274800 -163.231000 99.188900 
v       -7.259630 -176.826000 85.854000 
v       -11.329500 -173.133000 105.374000 
v       -2.874540 -186.324000 115.123000 
v       29.932100 -188.296000 114.670000 
v       28.932400 -179.815000 79.981200 
v       21.220700 -142.362000 71.702500 
v       1.709410 -200.115000 149.266000 
v       9.558140 -196.640000 123.632000 
v       6.280900 -192.925000 117.908000 
v       14.946900 -119.145000 48.353600 
v       20.017300 -206.643000 161.086000 
v       28.127800 -190.703000 144.006000 
v       25.059300 -187.391000 144.209000 
v       18.776300 -189.474000 146.640000 
v       23.699100 -189.595000 136.532000 
v       16.344000 -198.074000 143.897000 
v       19.068100 -195.173000 134.481000 
v       25.107000 -111.117000 23.893000 
v       23.511800 -114.315000 40.217800 
v       6.998410 -203.055000 145.726000 
v       6.299450 -188.255000 118.144000 
v       2.157580 -190.718000 113.379000 
v       12.868500 -113.692000 31.523100 
v       -7.396410 -110.505000 22.147000 
v       25.696600 -199.982000 153.924000 
v       24.612500 -199.449000 148.008000 
v       38.435500 -107.039000 22.163100 
v       10.122100 -197.821000 142.989000 
v       7.238390 -192.431000 110.469000 
v       -4.299670 -174.696000 75.194600 
v       7.030010 -146.462000 71.848900 
v       14.580300 -211.993000 153.887000 
v       20.559600 -208.619000 150.333000 
v       18.941400 -190.075000 150.785000 
v       15.846600 -196.501000 121.873000 
v       26.479000 -193.267000 123.505000 
v       25.505700 -190.819000 109.780000 
v       24.245000 -193.010000 115.412000 
v       15.241700 -193.556000 110.703000 
v       23.070600 -184.386000 103.792000 
v       5.589660 -208.837000 159.426000 
v       16.299100 -204.992000 145.298000 
v       11.801100 -209.090000 146.257000 
v       6.099460 -210.407000 151.534000 
v       22.716700 -188.592000 119.940000 
v       13.002900 -190.864000 118.724000 
v       18.480500 -167.640000 70.011900 
v       -0.101044 -165.123000 70.907400 
v       10.656700 -185.702000 104.826000 
v       1.276380 -182.506000 102.296000 
v       3.102710 -183.981000 82.727900 
v       23.081000 -176.500000 72.901700 
v       7.571580 -177.198000 72.418000 
v       16.509000 -184.903000 81.622600 
v       -10.563500 -174.285000 200.749000 
v       -8.148610 -174.883000 194.943000 
v       7.043990 -112.096000 22.168900 
f  3       0 1 2  
f  3       3 0 4  
f  3       2 4 0  
f  3       5 3 4  
f  3       6 7 8  
f  3       9 8 7  
f  3       9 7 10  
f  3       10 11 9  
f  3       12 13 14  
f  3       15 16 17  
f  3       12 14 17  
f  3       12 17 16  
f  3       18 19 12  
f  3       20 19 18  
f  3       21 22 23  
f  3       24 25 26  
f  3       27 28 29  
f  3       30 31 32  
f  3       33 34 35  
f  3       36 37 33  
f  3       38 39 40  
f  3       41 42 43  
f  3       44 45 43  
f  3       46 43 45  
f  3       47 42 41  
f  3       44 43 42  
f  3       48 41 43  
f  3       49 42 47  
f  3       50 44 51  
f  3       50 52 45  
f  3       45 44 50  
f  3       46 45 52  
f  3       50 51 53  
f  3       54 48 43  
f  3       49 55 51  
f  3       51 56 53  
f  3       52 57 46  
f  3       54 43 46  
f  3       54 58 48  
f  3       48 58 59  
f  3       60 47 61  
f  3       62 41 48  
f  3       56 51 55  
f  3       50 63 52  
f  3       49 47 60  
f  3       55 49 64  
f  3       57 52 65  
f  3       65 52 63  
f  3       64 49 60  
f  3       56 55 66  
f  3       63 50 53  
f  3       54 67 58  
f  3       68 59 69  
f  3       70 60 61  
f  3       59 68 62  
f  3       71 57 72  
f  3       65 72 57  
f  3       69 59 58  
f  3       73 74 53  
f  3       75 68 69  
f  3       76 64 60  
f  3       77 57 78  
f  3       79 65 63  
f  3       80 58 67  
f  3       69 58 80  
f  3       74 73 81  
f  3       82 60 70  
f  3       66 55 64  
f  3       62 68 61  
f  3       78 57 71  
f  3       67 54 77  
f  3       79 63 83  
f  3       73 56 84  
f  3       81 73 85  
f  3       69 86 75  
f  3       87 64 76  
f  3       66 64 87  
f  3       85 73 84  
f  3       71 88 78  
f  3       89 78 88  
f  3       77 78 89  
f  3       72 65 79  
f  3       90 76 82  
f  3       88 71 91  
f  3       80 67 92  
f  3       61 93 70  
f  3       77 92 67  
f  3       86 69 80  
f  3       80 94 86  
f  3       95 76 90  
f  3       87 76 95  
f  3       96 66 87  
f  3       93 61 97  
f  3       79 83 98  
f  3       39 38 90  
f  3       39 82 70  
f  3       84 66 96  
f  3       97 75 99  
f  3       72 100 71  
f  3       101 74 81  
f  3       102 87 95  
f  3       96 87 102  
f  3       97 103 93  
f  3       99 104 97  
f  3       105 106 100  
f  3       98 74 101  
f  3       93 107 70  
f  3       104 103 97  
f  3       108 109 91  
f  3       88 109 110  
f  3       105 100 79  
f  3       105 79 111  
f  3       95 90 112  
f  3       96 113 84  
f  3       113 85 84  
f  3       108 114 109  
f  3       115 89 110  
f  3       112 90 38  
f  3       116 40 39  
f  3       102 95 117  
f  3       116 70 107  
f  3       103 118 93  
f  3       119 85 113  
f  3       91 120 108  
f  3       121 89 115  
f  3       111 122 105  
f  3       111 98 123  
f  3       92 124 94  
f  3       86 94 125  
f  3       126 38 127  
f  3       117 95 112  
f  3       118 107 93  
f  3       113 96 128  
f  3       104 99 129  
f  3       124 92 121  
f  3       94 130 125  
f  3       127 38 131  
f  3       131 132 127  
f  3       131 133 134  
f  3       128 96 102  
f  3       135 104 136  
f  3       101 123 98  
f  3       137 125 130  
f  3       35 34 125  
f  3       138 127 132  
f  3       132 131 134  
f  3       134 139 132  
f  3       140 134 133  
f  3       133 131 141  
f  3       141 142 133  
f  3       143 40 144  
f  3       131 40 143  
f  3       117 145 102  
f  3       128 102 145  
f  3       129 99 33  
f  3       146 30 119  
f  3       147 120 106  
f  3       147 106 105  
f  3       111 123 122  
f  3       32 148 101  
f  3       35 125 137  
f  3       35 149 33  
f  3       36 33 149  
f  3       138 132 139  
f  3       142 150 140  
f  3       142 140 133  
f  3       141 131 143  
f  3       151 116 152  
f  3       135 118 103  
f  3       33 37 129  
f  3       153 109 114  
f  3       154 121 115  
f  3       155 138 139  
f  3       156 126 127  
f  3       157 140 150  
f  3       158 150 159  
f  3       160 150 142  
f  3       159 150 160  
f  3       141 143 161  
f  3       162 117 112  
f  3       163 144 151  
f  3       164 165 119  
f  3       114 166 167  
f  3       168 169 110  
f  3       115 170 171  
f  3       172 122 123  
f  3       123 101 148  
f  3       148 32 31  
f  3       137 173 35  
f  3       155 139 174  
f  3       174 157 150  
f  3       175 174 158  
f  3       176 159 160  
f  3       142 141 161  
f  3       161 143 177  
f  3       177 178 161  
f  3       177 163 179  
f  3       166 114 180  
f  3       180 181 166  
f  3       153 114 167  
f  3       182 153 167  
f  3       168 153 182  
f  3       183 168 184  
f  3       185 108 120  
f  3       186 120 147  
f  3       169 168 183  
f  3       187 148 31  
f  3       174 188 155  
f  3       189 155 188  
f  3       188 190 189  
f  3       158 174 150  
f  3       191 192 175  
f  3       193 159 176  
f  3       191 159 193  
f  3       142 161 160  
f  3       194 176 160  
f  3       195 178 177  
f  3       196 151 152  
f  3       118 197 198  
f  3       199 145 200  
f  3       201 118 135  
f  3       136 202 203  
f  3       204 129 37  
f  3       205 146 165  
f  3       206 180 207  
f  3       181 180 206  
f  3       206 208 181  
f  3       209 166 181  
f  3       210 166 209  
f  3       122 147 105  
f  3       211 147 122  
f  3       186 147 211  
f  3       211 122 172  
f  3       212 130 124  
f  3       137 213 173  
f  3       214 146 215  
f  3       190 188 216  
f  3       216 188 174  
f  3       174 217 216  
f  3       218 174 175  
f  3       219 176 194  
f  3       193 176 219  
f  3       194 178 195  
f  3       195 177 179  
f  3       164 199 220  
f  3       202 136 204  
f  3       215 146 205  
f  3       208 207 221  
f  3       208 206 207  
f  3       222 210 209  
f  3       209 223 222  
f  3       224 210 222  
f  3       222 225 224  
f  3       224 226 227  
f  3       228 168 182  
f  3       184 168 228  
f  3       229 186 211  
f  3       154 115 171  
f  3       230 137 130  
f  3       231 36 149  
f  3       189 190 156  
f  3       217 174 218  
f  3       216 232 190  
f  3       233 216 217  
f  3       218 175 192  
f  3       192 234 218  
f  3       219 235 193  
f  3       196 236 179  
f  3       237 152 198  
f  3       200 220 199  
f  3       204 37 238  
f  3       239 240 241  
f  3       223 209 241  
f  3       225 222 223  
f  3       226 184 228  
f  3       242 170 169  
f  3       243 124 154  
f  3       172 123 244  
f  3       244 123 187  
f  3       187 31 245  
f  3       149 173 246  
f  3       245 31 214  
f  3       195 236 247  
f  3       27 29 162  
f  3       196 248 236  
f  3       248 152 237  
f  3       196 152 248  
f  3       249 205 220  
f  3       205 165 220  
f  3       223 241 240  
f  3       240 239 250  
f  3       251 224 225  
f  3       224 252 226  
f  3       253 184 226  
f  3       254 184 253  
f  3       185 186 229  
f  3       183 254 255  
f  3       242 169 256  
f  3       256 257 242  
f  3       171 170 242  
f  3       243 154 171  
f  3       173 213 246  
f  3       232 156 190  
f  3       232 216 258  
f  3       234 192 259  
f  3       195 260 194  
f  3       261 162 29  
f  3       261 145 162  
f  3       200 145 261  
f  3       200 249 220  
f  3       201 135 203  
f  3       262 263 264  
f  3       264 221 265  
f  3       265 262 264  
f  3       240 266 223  
f  3       267 240 250  
f  3       251 225 268  
f  3       252 224 251  
f  3       253 226 252  
f  3       255 269 270  
f  3       255 270 256  
f  3       255 256 169  
f  3       255 169 183  
f  3       171 242 257  
f  3       230 130 212  
f  3       244 271 172  
f  3       231 149 246  
f  3       214 215 272  
f  3       273 232 258  
f  3       233 234 259  
f  3       258 274 273  
f  3       275 235 219  
f  3       248 276 236  
f  3       277 204 238  
f  3       278 279 280  
f  3       279 281 280  
f  3       282 278 280  
f  3       282 265 278  
f  3       239 221 264  
f  3       264 263 250  
f  3       266 240 267  
f  3       266 283 268  
f  3       253 252 284  
f  3       284 252 285  
f  3       253 286 254  
f  3       269 255 254  
f  3       287 243 288  
f  3       289 213 290  
f  3       156 232 291  
f  3       292 233 259  
f  3       292 274 258  
f  3       293 273 274  
f  3       274 294 293  
f  3       292 259 295  
f  3       277 296 202  
f  3       263 262 297  
f  3       283 266 267  
f  3       298 297 299  
f  3       300 297 298  
f  3       284 268 283  
f  3       285 268 284  
f  3       279 185 229  
f  3       286 253 284  
f  3       269 254 286  
f  3       229 301 279  
f  3       302 244 187  
f  3       187 245 302  
f  3       214 303 245  
f  3       304 273 293  
f  3       294 274 292  
f  3       292 295 294  
f  3       305 293 294  
f  3       260 306 307  
f  3       260 247 308  
f  3       309 261 29  
f  3       249 261 309  
f  3       310 201 203  
f  3       249 311 205  
f  3       312 238 313  
f  3       283 267 300  
f  3       284 283 314  
f  3       315 300 298  
f  3       314 316 317  
f  3       317 284 314  
f  3       286 284 317  
f  3       270 269 318  
f  3       319 256 270  
f  3       257 256 319  
f  3       301 229 271  
f  3       320 271 244  
f  3       320 244 302  
f  3       302 245 303  
f  3       272 303 214  
f  3       126 291 321  
f  3       322 293 305  
f  3       304 293 322  
f  3       305 307 322  
f  3       260 308 306  
f  3       276 323 308  
f  3       201 324 197  
f  3       203 325 310  
f  3       325 203 202  
f  3       296 326 202  
f  3       299 297 327  
f  3       283 300 315  
f  3       317 316 328  
f  3       286 317 329  
f  3       318 269 286  
f  3       270 330 319  
f  3       331 332 333  
f  3       288 171 333  
f  3       334 212 287  
f  3       323 306 308  
f  3       335 306 323  
f  3       323 276 336  
f  3       337 197 324  
f  3       324 201 310  
f  3       281 279 338  
f  3       339 328 316  
f  3       317 328 340  
f  3       317 340 329  
f  3       330 270 318  
f  3       318 341 330  
f  3       319 330 342  
f  3       320 301 271  
f  3       343 287 288  
f  3       344 334 287  
f  3       335 323 336  
f  3       335 336 322  
f  3       276 248 345  
f  3       309 346 249  
f  3       311 347 215  
f  3       262 26 25  
f  3       328 25 24  
f  3       24 340 328  
f  3       24 26 341  
f  3       341 318 329  
f  3       342 330 341  
f  3       289 246 213  
f  3       304 322 336  
f  3       345 237 348  
f  3       348 337 349  
f  3       337 324 349  
f  3       311 249 346  
f  3       350 326 296  
f  3       351 296 277  
f  3       351 277 312  
f  3       352 313 353  
f  3       272 347 354  
f  3       280 355 356  
f  3       339 25 328  
f  3       329 24 341  
f  3       340 24 329  
f  3       26 342 341  
f  3       338 279 301  
f  3       357 320 302  
f  3       358 231 246  
f  3       353 231 358  
f  3       272 359 303  
f  3       276 360 336  
f  3       361 276 345  
f  3       324 362 349  
f  3       310 362 324  
f  3       326 350 363  
f  3       350 296 351  
f  3       312 313 352  
f  3       26 364 342  
f  3       338 301 365  
f  3       342 366 332  
f  3       343 333 367  
f  3       368 287 343  
f  3       369 365 301  
f  3       358 370 353  
f  3       291 371 372  
f  3       321 373 374  
f  3       309 29 375  
f  3       349 362 376  
f  3       310 325 377  
f  3       378 311 346  
f  3       379 351 312  
f  3       379 312 352  
f  3       380 381 382  
f  3       355 280 380  
f  3       338 383 281  
f  3       344 384 385  
f  3       358 246 386  
f  3       386 370 358  
f  3       373 387 374  
f  3       360 276 361  
f  3       345 388 389  
f  3       349 390 348  
f  3       362 310 377  
f  3       391 380 382  
f  3       365 369 357  
f  3       23 22 385  
f  3       386 392 370  
f  3       393 394 372  
f  3       373 372 395  
f  3       396 371 291  
f  3       396 360 397  
f  3       389 361 345  
f  3       398 389 388  
f  3       399 362 377  
f  3       376 362 399  
f  3       363 350 400  
f  3       379 350 351  
f  3       354 347 378  
f  3       359 272 354  
f  3       382 401 402  
f  3       383 403 281  
f  3       356 355 404  
f  3       364 356 404  
f  3       367 332 405  
f  3       406 343 407  
f  3       408 23 385  
f  3       303 359 409  
f  3       409 359 410  
f  3       411 373 395  
f  3       387 373 411  
f  3       371 396 397  
f  3       412 309 375  
f  3       397 360 413  
f  3       388 414 398  
f  3       398 414 415  
f  3       414 348 390  
f  3       390 349 376  
f  3       346 309 412  
f  3       412 378 346  
f  3       379 400 350  
f  3       359 354 410  
f  3       391 382 402  
f  3       366 342 364  
f  3       343 406 368  
f  3       365 357 416  
f  3       21 23 417  
f  3       418 409 357  
f  3       419 392 386  
f  3       409 410 420  
f  3       395 372 394  
f  3       421 387 422  
f  3       412 375 421  
f  3       390 423 414  
f  3       354 378 424  
f  3       410 354 424  
f  3       425 402 401  
f  3       426 401 381  
f  3       391 402 427  
f  3       383 338 365  
f  3       332 366 428  
f  3       366 429 428  
f  3       430 344 368  
f  3       408 385 384  
f  3       409 418 303  
f  3       431 361 432  
f  3       389 432 361  
f  3       398 433 389  
f  3       390 376 434  
f  3       399 377 435  
f  3       436 378 412  
f  3       437 402 425  
f  3       281 403 381  
f  3       406 430 368  
f  3       416 357 409  
f  3       416 409 420  
f  3       392 419 417  
f  3       395 394 438  
f  3       421 422 412  
f  3       432 389 433  
f  3       376 439 434  
f  3       399 439 376  
f  3       435 377 440  
f  3       440 377 441  
f  3       410 424 442  
f  3       437 427 402  
f  3       426 381 443  
f  3       355 444 404  
f  3       445 404 444  
f  3       407 405 446  
f  3       406 447 430  
f  3       448 408 384  
f  3       449 392 417  
f  3       411 395 438  
f  3       20 18 393  
f  3       450 371 397  
f  3       431 451 413  
f  3       452 424 436  
f  3       442 424 452  
f  3       453 437 425  
f  3       425 401 454  
f  3       454 453 425  
f  3       455 401 456  
f  3       457 391 427  
f  3       443 381 403  
f  3       383 365 458  
f  3       405 332 459  
f  3       447 406 460  
f  3       448 430 447  
f  3       461 15 462  
f  3       462 15 17  
f  3       17 463 462  
f  3       464 12 19  
f  3       13 12 464  
f  3       450 397 413  
f  3       415 414 423  
f  3       465 423 434  
f  3       399 435 439  
f  3       466 453 455  
f  3       467 437 453  
f  3       468 469 427  
f  3       444 391 457  
f  3       470 403 471  
f  3       472 429 404  
f  3       428 429 473  
f  3       474 405 459  
f  3       446 405 474  
f  3       475 23 408  
f  3       476 417 475  
f  3       449 417 476  
f  3       462 477 478  
f  3       479 480 481  
f  3       479 17 14  
f  3       14 13 479  
f  3       482 13 464  
f  3       464 483 482  
f  3       464 19 483  
f  3       19 20 483  
f  3       422 436 412  
f  3       484 466 455  
f  3       485 466 484  
f  3       486 453 466  
f  3       467 453 486  
f  3       426 487 456  
f  3       488 437 467  
f  3       489 468 488  
f  3       469 468 489  
f  3       383 458 403  
f  3       445 472 404  
f  3       473 429 472  
f  3       490 428 473  
f  3       459 428 490  
f  3       459 490 474  
f  3       447 491 448  
f  3       477 462 463  
f  3       463 481 477  
f  3       492 479 13  
f  3       480 479 492  
f  3       483 493 482  
f  3       438 394 461  
f  3       461 494 438  
f  3       20 450 495  
f  3       411 422 387  
f  3       496 450 413  
f  3       413 451 496  
f  3       452 497 442  
f  3       484 455 498  
f  3       486 466 485  
f  3       485 499 486  
f  3       456 500 498  
f  3       455 456 498  
f  3       488 467 486  
f  3       471 403 458  
f  3       447 501 491  
f  3       477 502 478  
f  3       503 480 492  
f  3       492 504 503  
f  3       505 482 493  
f  3       411 438 494  
f  3       506 422 411  
f  3       495 450 496  
f  3       436 422 507  
f  3       432 508 431  
f  3       509 433 398  
f  3       509 398 415  
f  3       510 415 423  
f  3       511 498 500  
f  3       484 498 511  
f  3       512 486 499  
f  3       488 486 512  
f  3       500 456 487  
f  3       513 489 488  
f  3       514 489 513  
f  3       469 489 514  
f  3       445 444 515  
f  3       445 515 516  
f  3       501 447 460  
f  3       475 408 448  
f  3       476 475 517  
f  3       476 518 449  
f  3       519 502 520  
f  3       521 478 502  
f  3       522 478 521  
f  3       523 524 525  
f  3       523 503 504  
f  3       504 526 523  
f  3       504 492 505  
f  3       505 527 504  
f  3       510 423 465  
f  3       528 439 529  
f  3       529 439 435  
f  3       530 485 531  
f  3       487 532 500  
f  3       512 513 488  
f  3       513 533 534  
f  3       534 514 513  
f  3       535 458 416  
f  3       501 460 536  
f  3       448 517 475  
f  3       537 538 442  
f  3       539 519 520  
f  3       524 520 525  
f  3       494 461 522  
f  3       494 506 411  
f  3       540 523 526  
f  3       524 523 540  
f  3       540 504 527  
f  3       526 504 540  
f  3       527 505 493  
f  3       528 465 434  
f  3       537 442 497  
f  3       541 484 511  
f  3       542 530 531  
f  3       543 530 542  
f  3       544 469 514  
f  3       471 458 535  
f  3       515 545 516  
f  3       546 472 547  
f  3       548 549 491  
f  3       548 550 549  
f  3       517 448 549  
f  3       535 420 538  
f  3       416 420 535  
f  3       551 520 524  
f  3       540 552 524  
f  3       527 553 540  
f  3       493 553 527  
f  3       553 493 483  
f  3       451 431 554  
f  3       554 431 508  
f  3       436 507 452  
f  3       497 452 507  
f  3       537 497 555  
f  3       556 541 557  
f  3       558 559 560  
f  3       561 559 558  
f  3       542 531 559  
f  3       533 543 542  
f  3       514 534 562  
f  3       544 514 562  
f  3       545 515 563  
f  3       546 564 473  
f  3       565 490 564  
f  3       490 565 474  
f  3       566 446 474  
f  3       548 491 501  
f  3       535 538 567  
f  3       551 524 552  
f  3       568 540 553  
f  3       569 570 495  
f  3       571 558 560  
f  3       561 572 533  
f  3       572 573 574  
f  3       470 471 567  
f  3       575 547 576  
f  3       548 501 577  
f  3       578 521 579  
f  3       521 578 580  
f  3       581 551 552  
f  3       539 551 581  
f  3       568 552 540  
f  3       507 506 582  
f  3       465 528 583  
f  3       573 572 561  
f  3       573 584 574  
f  3       516 545 576  
f  3       546 547 575  
f  3       474 565 566  
f  3       585 446 566  
f  3       556 578 579  
f  3       579 539 586  
f  3       586 539 581  
f  3       494 582 506  
f  3       495 587 553  
f  3       495 553 483  
f  3       573 571 588  
f  3       584 573 588  
f  3       515 457 544  
f  3       589 550 548  
f  3       590 579 586  
f  3       556 579 590  
f  3       568 553 587  
f  3       587 495 570  
f  3       554 591 451  
f  3       465 583 592  
f  3       588 571 590  
f  3       544 563 515  
f  3       590 586 593  
f  3       593 588 590  
f  3       594 586 581  
f  3       593 586 594  
f  3       595 580 578  
f  3       596 581 568  
f  3       596 568 587  
f  3       597 587 570  
f  3       532 595 578  
f  3       563 544 562  
f  3       576 545 598  
f  3       537 599 567  
f  3       582 600 555  
f  3       597 596 587  
f  3       601 602 603  
f  3       604 601 603  
f  3       604 569 601  
f  3       605 592 606  
f  3       607 562 574  
f  3       564 546 608  
f  3       609 569 604  
f  3       604 610 609  
f  3       554 6 591  
f  3       555 595 532  
f  3       576 598 611  
f  3       612 566 565  
f  3       585 613 614  
f  3       577 536 614  
f  3       597 570 615  
f  3       610 604 616  
f  3       616 604 603  
f  3       8 9 617  
f  3       618 588 619  
f  3       574 584 618  
f  3       620 574 618  
f  3       607 574 620  
f  3       562 607 621  
f  3       611 598 622  
f  3       623 576 611  
f  3       576 623 624  
f  3       608 546 625  
f  3       564 608 626  
f  3       564 626 565  
f  3       588 593 619  
f  3       596 597 594  
f  3       627 594 597  
f  3       627 597 615  
f  3       628 615 629  
f  3       629 630 628  
f  3       631 632 633  
f  3       634 602 633  
f  3       617 9 11  
f  3       621 607 620  
f  3       635 611 622  
f  3       624 636 575  
f  3       575 636 625  
f  3       612 565 637  
f  3       11 613 612  
f  3       638 628 630  
f  3       627 628 638  
f  3       610 639 609  
f  3       640 616 634  
f  3       11 606 641  
f  3       642 618 619  
f  3       643 621 620  
f  3       644 621 643  
f  3       645 646 644  
f  3       646 647 648  
f  3       617 612 637  
f  3       612 617 11  
f  3       641 613 11  
f  3       649 614 650  
f  3       638 630 651  
f  3       639 610 652  
f  3       653 640 634  
f  3       641 606 654  
f  3       606 592 655  
f  3       656 618 642  
f  3       656 657 620  
f  3       647 646 645  
f  3       608 625 636  
f  3       654 650 641  
f  3       649 650 654  
f  3       658 614 649  
f  3       648 659 609  
f  3       647 659 648  
f  3       651 630 659  
f  3       653 660 640  
f  3       591 661 632  
f  3       662 8 617  
f  3       642 619 663  
f  3       642 664 656  
f  3       657 665 643  
f  3       657 643 620  
f  3       648 666 667  
f  3       668 669 670  
f  3       668 670 671  
f  3       636 624 671  
f  3       672 663 619  
f  3       673 659 647  
f  3       651 659 673  
f  3       651 674 675  
f  3       676 667 666  
f  3       640 670 677  
f  3       661 591 6  
f  3       662 678 679  
f  3       662 617 637  
f  3       664 642 663  
f  3       657 656 664  
f  3       657 673 665  
f  3       668 635 669  
f  3       626 608 678  
f  3       637 565 626  
f  3       626 678 637  
f  3       663 672 675  
f  3       675 672 627  
f  3       647 645 665  
f  3       647 665 673  
f  3       674 651 673  
f  3       676 666 677  
f  3       677 669 676  
f  3       680 671 670  
f  3       681 682 680  
f  3       632 661 682  
f  3       6 679 661  
f  3       678 662 637  
f  3       673 657 664  
f  3       608 636 683  
f  3       683 678 608  
f  3       674 673 664  
f  3       669 677 670  
f  3       681 632 682  
f  3       684 661 679  
f  3       685 671 680  
f  3       663 675 674  
f  3       663 674 664  
f  3       685 680 682  
f  3       684 682 661  
f  3       684 679 678  
f  3       685 683 636  
f  3       636 671 685  
f  3       476 517 518  
f  3       390 434 423  
f  3       332 367 333  
f  3       679 8 662  
f  3       7 433 509  
f  3       509 10 7  
f  3       143 144 163  
f  3       163 177 143  
f  3       149 35 173  
f  3       615 628 627  
f  3       652 640 677  
f  3       660 653 681  
f  3       537 555 532  
f  3       146 31 30  
f  3       620 618 656  
f  3       448 491 549  
f  3       294 295 275  
f  3       275 305 294  
f  3       182 167 210  
f  3       272 215 347  
f  3       259 192 235  
f  3       473 472 546  
f  3       233 217 218  
f  3       218 234 233  
f  3       128 199 164  
f  3       632 631 591  
f  3       113 164 119  
f  3       357 369 320  
f  3       187 123 148  
f  3       536 585 614  
f  3       106 91 71  
f  3       71 100 106  
f  3       599 470 567  
f  3       172 271 211  
f  3       158 159 191  
f  3       191 175 158  
f  3       329 318 286  
f  3       167 166 210  
f  3       10 606 11  
f  3       119 165 146  
f  3       684 683 685  
f  3       685 682 684  
f  3       212 334 230  
f  3       459 332 428  
f  3       83 74 98  
f  3       62 48 59  
f  3       624 668 671  
f  3       473 564 490  
f  3       88 110 89  
f  3       195 179 236  
f  3       552 568 581  
f  3       228 182 227  
f  3       227 226 228  
f  3       76 60 82  
f  3       360 396 336  
f  3       528 529 583  
f  3       633 632 681  
f  3       436 424 378  
f  3       507 422 506  
f  3       454 401 455  
f  3       455 453 454  
f  3       80 92 94  
f  3       618 584 588  
f  3       91 109 88  
f  3       500 532 578  
f  3       623 611 635  
f  3       670 640 660  
f  3       678 683 684  
f  3       332 331 342  
f  3       501 536 577  
f  3       56 73 53  
f  3       363 1 326  
f  3       39 90 82  
f  3       603 602 634  
f  3       634 616 603  
f  3       575 576 624  
f  3       378 347 311  
f  3       277 238 312  
f  3       260 195 247  
f  3       138 155 189  
f  3       456 401 426  
f  3       333 343 288  
f  3       79 98 111  
f  3       197 118 201  
f  3       251 268 285  
f  3       285 252 251  
f  3       582 494 600  
f  3       437 468 427  
f  3       277 202 204  
f  3       288 243 171  
f  3       600 580 595  
f  3       595 555 600  
f  3       644 643 665  
f  3       665 645 644  
f  3       510 509 415  
f  3       280 356 282  
f  3       199 128 145  
f  3       605 606 10  
f  3       437 488 468  
f  3       578 556 557  
f  3       121 154 124  
f  3       125 34 86  
f  3       20 495 483  
f  3       441 377 325  
f  3       500 578 557  
f  3       264 250 239  
f  3       110 109 153  
f  3       153 168 110  
f  3       27 162 112  
f  3       537 532 599  
f  3       265 221 207  
f  3       164 113 128  
f  3       184 254 183  
f  3       516 576 547  
f  3       580 522 521  
f  3       502 477 686  
f  3       165 164 220  
f  3       420 410 442  
f  3       560 559 541  
f  3       541 556 560  
f  3       308 247 236  
f  3       236 276 308  
f  3       589 548 577  
f  3       31 146 214  
f  3       299 339 316  
f  3       538 420 442  
f  3       157 174 139  
f  3       261 249 200  
f  3       550 517 549  
f  3       34 33 99  
f  3       278 265 207  
f  3       227 182 210  
f  3       210 224 227  
f  3       393 372 371  
f  3       569 629 615  
f  3       21 289 22  
f  3       629 569 609  
f  3       686 477 481  
f  3       481 687 686  
f  3       103 104 135  
f  3       529 5 583  
f  3       327 25 339  
f  3       339 299 327  
f  3       287 368 344  
f  3       575 625 546  
f  3       652 610 616  
f  3       616 640 652  
f  3       136 104 129  
f  3       81 85 30  
f  3       475 417 23  
f  3       531 485 484  
f  3       512 499 543  
f  3       157 139 134  
f  3       134 140 157  
f  3       3 435 440  
f  3       440 0 3  
f  3       321 372 373  
f  3       120 91 106  
f  3       152 116 107  
f  3       311 215 205  
f  3       326 1 441  
f  3       151 144 116  
f  3       567 538 537  
f  3       28 27 126  
f  3       471 535 567  
f  3       528 434 439  
f  3       136 203 135  
f  3       229 211 271  
f  3       186 185 120  
f  3       84 56 66  
f  3       77 54 46  
f  3       520 502 686  
f  3       686 525 520  
f  3       563 621 644  
f  3       644 646 563  
f  3       79 100 72  
f  3       470 443 403  
f  3       534 572 574  
f  3       574 562 534  
f  3       248 237 345  
f  3       116 39 70  
f  3       290 230 334  
f  3       32 101 81  
f  3       81 30 32  
f  3       375 29 28  
f  3       28 374 375  
f  3       569 495 496  
f  3       144 40 116  
f  3       687 503 523  
f  3       94 124 130  
f  3       385 334 344  
f  3       672 594 627  
f  3       669 635 622  
f  3       622 676 669  
f  3       160 161 178  
f  3       178 194 160  
f  3       444 355 380  
f  3       380 391 444  
f  3       385 22 334  
f  3       401 382 381  
f  3       85 119 30  
f  3       522 461 462  
f  3       462 478 522  
f  3       38 40 131  
f  3       609 639 666  
f  3       666 648 609  
f  3       416 458 365  
f  3       520 551 539  
f  3       117 162 145  
f  3       77 46 57  
f  3       525 686 687  
f  3       687 523 525  
f  3       267 250 263  
f  3       307 306 335  
f  3       335 322 307  
f  3       622 598 667  
f  3       667 676 622  
f  3       129 204 136  
f  3       457 515 444  
f  3       301 320 369  
f  3       594 581 596  
f  3       533 572 534  
f  3       654 606 655  
f  3       655 688 654  
f  3       353 313 36  
f  3       156 291 126  
f  3       83 63 53  
f  3       53 74 83  
f  3       388 345 348  
f  3       348 414 388  
f  3       457 427 469  
f  3       469 544 457  
f  3       212 124 243  
f  3       243 287 212  
f  3       529 435 3  
f  3       3 5 529  
f  3       508 432 433  
f  3       433 7 508  
f  3       268 225 223  
f  3       223 266 268  
f  3       316 314 283  
f  3       283 315 316  
f  3       295 259 235  
f  3       235 275 295  
f  3       13 482 505  
f  3       505 492 13  
f  3       353 36 231  
f  3       519 539 579  
f  3       650 614 613  
f  3       613 641 650  
f  3       185 279 278  
f  3       396 291 304  
f  3       304 336 396  
f  3       487 470 599  
f  3       599 532 487  
f  3       8 679 6  
f  3       497 507 582  
f  3       582 555 497  
f  3       561 558 571  
f  3       571 573 561  
f  3       12 16 393  
f  3       393 18 12  
f  3       363 400 2  
f  3       2 1 363  
f  3       601 569 496  
f  3       496 631 601  
f  3       337 348 237  
f  3       291 372 321  
f  3       666 639 652  
f  3       652 677 666  
f  3       115 110 169  
f  3       169 170 115  
f  3       509 510 605  
f  3       605 10 509  
f  3       615 570 569  
f  3       554 508 7  
f  3       7 6 554  
f  3       156 127 138  
f  3       138 189 156  
f  3       512 543 533  
f  3       533 513 512  
f  3       600 494 522  
f  3       522 580 600  
f  3       300 267 263  
f  3       263 297 300  
f  3       219 194 260  
f  3       163 151 196  
f  3       196 179 163  
f  3       375 374 387  
f  3       387 421 375  
f  3       216 233 292  
f  3       292 258 216  
f  3       75 86 34  
f  3       34 99 75  
f  3       202 326 441  
f  3       441 325 202  
f  3       563 562 621  
f  3       460 406 407  
f  3       407 446 460  
f  3       360 361 431  
f  3       431 413 360  
f  3       560 556 590  
f  3       590 571 560  
f  3       653 634 633  
f  3       633 681 653  
f  3       429 366 364  
f  3       364 404 429  
f  3       235 192 191  
f  3       191 193 235  
f  3       496 451 591  
f  3       591 631 496  
f  3       16 15 461  
f  3       460 446 585  
f  3       585 536 460  
f  3       27 112 38  
f  3       38 126 27  
f  3       624 623 635  
f  3       635 668 624  
f  3       510 465 592  
f  3       592 605 510  
f  3       630 629 609  
f  3       609 659 630  
f  3       304 291 232  
f  3       232 273 304  
f  3       675 627 638  
f  3       638 651 675  
f  3       499 485 530  
f  3       589 577 614  
f  3       614 658 589  
f  3       297 262 25  
f  3       25 327 297  
f  3       511 500 557  
f  3       557 541 511  
f  3       499 530 543  
f  3       472 445 516  
f  3       516 547 472  
f  3       481 463 17  
f  3       17 479 481  
f  3       152 107 118  
f  3       118 198 152  
f  3       302 303 418  
f  3       418 357 302  
f  3       593 594 672  
f  3       672 619 593  
f  3       531 484 541  
f  3       541 559 531  
f  3       137 230 290  
f  3       290 213 137  
f  3       37 36 313  
f  3       313 238 37  
f  3       545 563 667  
f  3       667 598 545  
f  3       393 371 450  
f  3       450 20 393  
f  3       28 126 321  
f  3       321 374 28  
f  3       331 257 319  
f  3       319 342 331  
f  3       209 181 208  
f  3       208 241 209  
f  3       241 208 221  
f  3       221 239 241  
f  3       315 298 299  
f  3       299 316 315  
f  3       441 1 0  
f  3       0 440 441  
f  3       180 114 108  
f  3       108 185 180  
f  3       26 262 356  
f  3       356 364 26  
f  3       51 44 42  
f  3       42 49 51  
f  3       198 197 337  
f  3       337 237 198  
f  3       289 290 334  
f  3       334 22 289  
f  3       585 566 612  
f  3       612 613 585  
f  3       343 367 405  
f  3       405 407 343  
f  3       77 89 121  
f  3       121 92 77  
f  3       426 443 470  
f  3       470 487 426  
f  3       563 646 648  
f  3       648 667 563  
f  3       502 519 579  
f  3       579 521 502  
f  3       207 180 185  
f  3       185 278 207  
f  3       687 481 480  
f  3       480 503 687  
f  3       265 282 356  
f  3       356 262 265  
f  3       602 601 631  
f  3       631 633 602  
f  3       305 275 219  
f  3       670 660 681  
f  3       681 680 670  
f  3       305 219 260  
f  3       260 307 305  
f  3       380 280 281  
f  3       281 381 380  
f  3       448 384 344  
f  3       344 430 448  
f  3       47 41 62  
f  3       62 61 47  
f  3       171 257 331  
f  3       331 333 171  
f  3       417 419 289  
f  3       289 21 417  
f  3       461 394 393  
f  3       393 16 461  
f  3       246 289 419  
f  3       419 386 246  
f  3       533 542 559  
f  3       559 561 533  
f  3       61 68 75  
f  3       75 97 61 


